1279.5128
860.6786
859.6886
859.8086
859.6586
859.0286
859.0286
859.0886
858.9686
859.4186
858.8186
859.8386
859.2686
858.8186
859.5986
858.8786
859.2386
859.6286
858.7886
859.7486
859.5386
858.6686
859.6286
859.3286
859.4486
860.1686
859.3286
859.9286
859.4186
859.5386
858.9386
858.8186
858.4286
858.9386
858.2786
858.6986
858.2786
858.8186
858.6386
858.9386
858.9986
858.8486
858.9686
858.7286
858.0986
858.1586
858.9386
858.5186
858.8486
858.3686
858.7586
858.6686
858.4886
858.7886
858.9686
859.7186
858.9686
858.9086
859.7486
859.4486
859.6586
858.9686
859.1486
859.2686
858.8486
859.0586
858.4886
859.4186
858.8186
858.9986
858.7886
858.4286
858.5786
858.8186
858.1886
858.4886
858.5186
858.4886
858.4586
858.0986
858.5186
859.4186
858.6686
859.3586
859.2086
859.1486
858.9086
858.9086
858.9386
859.0886
859.5986
859.1486
858.9986
858.3686
859.2386
858.7886
859.1786
858.6086
858.9686
859.2086
859.2386
859.2686
859.4186
858.9386
858.9086
859.0886
859.3886
859.5986
859.2986
859.0586
860.1386
859.0586
858.4886
859.5686
858.6986
858.9086
858.5786
859.2686
858.5486
858.9686
858.9386
858.7586
858.7286
858.9686
858.5186
859.2086
858.8786
858.9686
859.4186
859.6886
859.2986
859.2086
859.2986
859.2386
859.2086
858.3086
859.7486
859.2386
859.5986
858.8786
859.3286
859.7186
859.2086
859.6886
859.5386
859.0886
859.0286
859.0886
859.2386
859.1786
859.5386
858.9986
858.5786
859.5386
859.1786
859.0886
859.0586
859.1186
858.9086
859.1786
859.0586
859.8686
859.2086
859.1186
859.8386
859.5686
859.2386
859.8986
860.1086
859.5386
859.8086
859.8686
859.6586
859.3286
859.0886
858.6986
858.5486
859.0886
859.2686
859.7786
859.3886
859.5986
859.9586
859.6286
858.6986
858.9086
859.5386
859.3886
859.2386
859.3886
859.1186
859.1486
858.9386
858.4886
858.9386
858.4286
858.6386
858.3086
858.4886
858.1886
858.2786
859.2686
859.1486
858.8486
858.9986
858.7586
858.9386
858.9986
858.7886
858.9086
858.5186
858.0986
858.2786
858.7586
858.9986
858.8786
858.4286
858.8786
858.4286
858.3686
858.9086
858.5186
858.7286
859.0286
859.0586
859.2386
858.7886
859.4186
858.4886
858.8186
859.0886
859.3286
858.8186
859.5086
859.0286
859.0286
859.3586
859.3886
858.2186
858.3686
858.6986
858.3686
859.1486
859.2686
859.2686
859.0586
858.6086
858.6086
859.0586
858.7886
858.4586
858.2486
858.2486
858.4286
858.9386
858.3086
858.8186
858.4886
858.4286
858.6086
858.6986
858.1586
858.9086
858.8786
859.3286
859.1486
858.9386
859.5086
859.3286
859.1486
858.3986
859.4486
858.6986
859.1186
859.5086
859.0886
858.8186
858.6386
858.9986
858.6386
858.1886
858.2786
829.6283
858.9386
859.0286
858.6986
858.7286
858.6986
858.3686
858.8486
858.7886
858.5486
858.6386
857.9786
858.5486
858.9086
858.3086
858.7286
858.3686
858.7886
858.1886
857.8286
858.5786
857.6786
858.8186
858.7286
858.8486
858.7286
858.9386
858.6986
858.3986
858.2486
858.8786
858.5486
859.0886
859.1786
858.1886
858.3086
858.3686
858.3986
858.0386
858.1886
858.1886
858.7886
857.7686
857.5886
857.9786
858.3686
857.9786
858.6986
858.0386
857.2586
857.8586
858.9986
858.7886
858.1886
858.9686
858.5486
858.8486
858.6686
858.9086
858.8786
858.3986
858.3386
857.9186
858.6686
858.8186
858.8786
858.8786
858.9686
858.6686
857.9186
857.7086
859.2986
859.0286
858.8486
859.2086
858.7886
858.4586
858.4886
859.7186
858.5486
858.7886
829.4183
858.1286
858.3086
857.9786
858.5186
858.7286
858.3686
859.0886
858.6086
859.0886
857.9186
858.2486
858.7586
859.0586
858.6986
858.2486
859.3586
858.3686
858.6686
858.4586
859.2986
858.6686
859.4786
858.8486
859.4786
858.9986
858.3686
858.0386
858.0686
858.2186
858.9086
858.4286
858.6686
858.7586
859.0586
859.2686
858.6386
857.7986
858.9686
858.7886
858.4886
859.3886
858.3086
858.6986
858.1886
858.2186
858.8186
858.5186
859.2986
859.1486
858.6386
858.9686
858.0386
858.6686
858.2186
858.7286
858.8186
858.7886
858.5786
858.1886
858.5786
859.0586
858.6986
859.1786
858.6086
858.4586
858.9086
859.7186
857.9486
858.9086
858.6986
858.2186
858.7886
859.1486
858.2186
858.4586
858.4286
858.6986
859.0286
858.3686
858.8786
829.1483
829.0583
858.5486
859.2386
858.2486
859.4486
858.4586
858.5786
858.8486
858.8186
858.8786
859.0586
858.2186
858.6686
858.4886
858.2786
858.2486
858.8186
858.1586
858.6386
856.9586
857.8586
857.5286
858.0686
858.2786
857.8586
858.2186
857.3486
858.4586
858.4286
858.9986
858.6986
858.4886
857.7686
858.5486
858.1586
858.8486
858.5186
858.9086
859.4786
858.5486
858.6686
858.9386
858.5486
858.0086
858.2486
858.3086
859.3286
858.2786
859.0286
858.1286
858.7886
858.6686
858.4586
857.7386
857.7686
857.6186
858.3686
858.3086
858.3986
858.7886
858.7586
858.5486
858.5486
859.0286
858.5786
859.0886
859.0586
858.4286
858.6086
858.7286
858.4286
858.6986
859.8086
858.9986
858.1586
858.8486
858.2186
829.8383
858.0086
829.2983
858.1886
829.1783
858.0086
828.9983
858.8186
828.8183
858.2786
858.3686
859.2386
858.4886
858.8186
858.6086
858.8486
858.4886
858.5186
859.5086
858.5786
858.4886
858.9986
859.3286
858.8186
858.6986
859.1786
858.6986
858.4886
858.3386
857.8886
858.6386
858.5786
859.3286
858.1286
859.1186
858.8486
857.1686
859.1486
858.6086
858.8786
858.8186
858.7286
859.5086
858.9986
859.2086
858.6686
858.7886
859.3886
858.8486
858.7286
859.1786
858.3386
858.6386
858.6386
858.3386
858.7886
858.8186
858.5786
857.7686
857.9486
858.2486
858.7886
859.2086
858.9386
858.1286
858.4586
858.1586
858.7586
858.6086
858.9686
859.2086
858.3386
858.6986
858.6986
858.3386
829.1783
858.7586
829.5383
858.7586
829.9883
858.6986
829.8083
829.5083
858.4886
829.8683
829.4183
858.3686
829.5683
828.7583
829.4483
857.8886
829.1483
829.3283
858.1586
829.4483
857.8586
828.8483
858.0686
829.0583
858.3686
829.7783
858.1286
828.9683
857.8586
857.4686
857.6186
856.6586
858.6086
858.9386
858.4886
858.5186
859.0886
857.9786
858.4886
858.0686
857.9186
857.3786
856.4486
856.5686
857.4086
856.8686
858.6086
858.1286
858.1886
858.0686
858.2786
857.6486
858.0086
858.3086
857.7086
858.0386
858.4886
858.8186
859.0886
859.0886
858.4586
858.7886
858.6986
829.3583
858.2786
829.3283
857.8286
829.5083
858.3086
829.3883
858.0086
830.3483
858.7886
829.4483
858.4286
829.4483
858.6986
829.2083
858.4586
829.3583
858.0986
829.5983
858.8486
829.8683
858.3086
829.3883
858.3086
829.7783
858.2186
829.3883
858.0686
829.2983
858.0686
829.6283
857.8886
829.3283
858.4886
829.5083
858.5186
829.5983
857.9786
828.8183
858.2186
829.4783
858.7886
829.4183
859.0286
829.4183
858.7886
828.9383
857.9486
829.5083
858.8486
829.6283
858.7886
829.3583
858.6386
829.0883
859.0286
829.3883
857.7386
829.6283
858.6086
829.7783
858.3386
828.9983
858.3386
829.8083
858.2186
828.9083
857.9186
829.4483
858.3386
829.2683
858.2486
829.7183
858.2486
829.0883
858.6986
829.5083
858.9086
829.0283
859.4186
829.9583
858.7286
829.0283
858.2186
830.1383
858.3686
829.4783
858.6986
829.3883
858.7886
829.1483
858.0086
829.2083
828.7283
858.7286
828.8483
828.6683
858.3386
829.2083
828.7583
858.3986
829.2383
828.8783
858.2486
828.7583
829.0883
828.7883
858.4886
828.9683
829.4183
828.9083
858.1886
829.1483
829.3583
828.9083
829.1183
857.2886
828.8483
828.8783
828.5483
829.1183
828.5783
828.7583
828.7883
857.8286
828.9983
828.8483
829.2683
828.5783
828.7883
828.5183
857.3486
828.7583
829.0583
828.9683
828.6983
858.2786
829.1783
828.6983
828.6383
858.3686
829.5983
828.8483
828.8783
858.0686
829.1783
829.2383
828.8183
858.2186
829.8083
829.4783
858.0986
829.4783
828.7583
858.2486
828.9983
828.7883
858.0986
829.5083
828.7583
858.3386
828.8483
829.0883
857.9486
829.0883
858.3686
829.2083
858.7286
829.2083
858.3986
829.8983
858.0686
829.2383
858.7886
829.3583
858.3086
829.4483
857.9186
829.2983
858.0686
828.8483
858.2486
828.9983
857.9786
829.3883
858.5786
829.2983
858.0086
829.8983
858.2786
829.8683
858.4886
829.8383
858.4586
828.4283
859.0586
828.8783
858.3386
829.3283
857.7086
829.5683
857.7386
829.3583
857.4386
829.9283
858.0086
829.4783
857.8286
829.4183
858.4586
829.1183
858.2186
829.0583
858.9986
829.4783
858.3986
829.4183
859.1786
829.7183
858.5786
829.1483
858.5486
829.3283
858.8486
828.7883
858.8486
829.2083
858.4286
829.5083
858.7286
829.3583
858.6086
829.3883
858.4886
829.5083
858.0986
829.3283
858.1886
829.6583
858.3686
829.2683
858.4886
829.5983
858.2186
829.2383
857.8286
829.3883
857.7686
829.8683
828.8783
858.5786
829.2083
829.5383
858.3986
829.5683
828.9383
857.9486
829.2083
828.9683
858.2786
828.9983
828.2483
858.3686
829.5383
829.2083
829.1783
858.1586
829.9883
828.7583
829.2383
858.2486
829.4783
829.1783
829.4783
829.0883
829.6583
858.6086
829.5083
829.1183
829.2383
829.4183
829.4783
828.9683
828.8483
829.1783
829.4183
829.5383
828.8183
829.4483
829.4483
828.8483
829.0883
829.2383
829.9583
829.6883
858.7286
829.5083
829.0583
829.5083
858.3386
829.5983
829.3583
829.4783
858.7286
829.8683
829.9283
858.5186
829.5083
829.1183
858.6686
829.4483
829.4783
858.2486
828.9983
829.5383
857.9186
829.6583
829.3583
858.5186
829.3583
829.2383
858.3986
829.2083
858.2786
829.1183
857.8886
829.5983
858.4286
829.7483
857.8286
828.9683
858.3986
828.9683
858.5486
829.5683
858.5486
829.1783
858.5786
829.7483
858.6086
829.1183
858.0086
829.9283
857.9486
829.4783
858.9086
830.0783
858.1586
829.5983
858.9386
829.3583
858.6086
829.0583
858.1586
828.6983
858.2486
829.2983
857.6786
829.2083
857.7986
829.1183
857.3186
829.6883
856.9286
829.3883
857.8286
829.0283
857.2886
829.4483
858.0086
829.0283
858.0386
828.8483
858.0986
828.9083
857.5286
828.9683
858.2186
829.1183
858.1286
829.1783
858.4286
828.8783
858.5786
828.9383
858.4586
829.1783
858.9086
828.7583
857.7986
829.2083
858.1886
829.2683
858.0086
829.1483
858.0086
829.1183
858.6686
829.1183
858.3686
829.1183
858.8486
829.1183
858.2486
829.1483
858.5486
829.3583
828.7583
858.4886
829.7483
828.9083
858.6386
830.6183
829.5683
858.6686
829.8383
828.9683
858.6086
829.6583
829.2683
858.2786
829.5983
828.9383
828.7583
857.8586
829.6283
829.0283
829.0583
829.0583
858.6086
829.0583
828.9983
829.2383
829.4783
828.9083
828.9983
857.8886
829.8683
828.7583
828.9083
829.5383
829.2983
829.1183
828.7883
828.8483
828.8183
829.5683
857.4986
829.1483
829.1783
829.1483
829.1783
858.1886
829.1783
829.2983
829.8383
828.6983
858.2186
830.2283
829.5683
829.1183
858.7886
830.1383
829.4483
828.9383
858.6686
829.8383
829.1183
858.5186
829.2683
829.2383
858.5486
829.1183
828.9683
859.1186
828.6383
828.6083
858.1286
829.2083
857.9486
829.2083
858.6986
829.6883
858.0686
829.6583
858.9086
829.4183
858.5486
829.4483
858.5186
829.8383
858.3086
829.2983
858.8486
829.5683
858.1586
829.6883
858.3386
829.5383
858.7586
829.3583
858.5786
829.3883
858.0086
829.0883
857.3186
829.2083
858.2186
830.3783
858.0086
830.1683
858.3986
829.9283
858.1886
829.5683
858.1286
829.8383
858.2486
829.5683
857.6786
829.0883
857.3786
829.1183
858.6086
829.0583
858.3986
829.2983
858.2786
829.5683
857.8286
829.1783
857.8886
829.2083
857.9186
829.2083
858.6386
829.4483
857.8886
828.9983
857.9186
829.1783
857.9186
829.6583
858.2486
829.3283
858.0986
829.1783
858.5186
829.4783
858.4286
829.7183
858.0986
829.4183
858.2186
829.0583
858.8486
830.0783
858.4886
830.2583
858.2786
829.5383
858.3986
829.3583
858.2786
829.9283
829.0283
858.3986
829.6283
828.6983
858.1886
829.6883
828.8483
858.4886
829.7783
829.6583
858.3986
829.9283
829.2983
858.9086
829.5983
829.0283
829.2383
858.1286
829.0283
829.3883
829.0883
829.3583
858.4586
829.7483
829.3283
829.1783
829.3583
829.2983
829.2683
829.1483
858.9086
828.9983
829.8383
829.1783
829.2383
828.9683
829.1183
829.3883
829.7183
829.5983
857.3486
829.4483
829.5983
828.6983
829.0883
858.3086
830.0483
829.3583
829.3583
857.7086
829.3283
829.4183
829.2683
858.5186
829.6583
829.2383
829.5383
858.6986
829.1483
829.0883
858.5186
829.8983
829.6283
857.7986
829.6883
829.3283
857.5886
829.3883
829.1483
858.9986
829.7183
858.0386
829.0583
858.3386
829.6883
857.8286
829.0583
858.3986
829.3283
857.5286
829.5083
858.6686
828.9383
858.2786
830.0483
858.5786
828.5183
858.4886
829.0283
858.3386
829.0283
858.3086
829.2983
858.1286
828.9683
858.6386
830.1683
857.8886
829.9583
858.3386
829.1783
857.2886
829.2083
858.0386
828.9683
857.7086
828.9083
858.3086
829.0883
858.0686
829.5983
857.0486
829.7483
857.2586
829.8383
857.4686
829.1483
857.2886
829.2683
857.7386
829.1183
856.9586
829.0883
857.7986
829.2083
857.9486
828.7583
857.4386
829.0583
858.4286
829.0283
858.5786
829.2683
858.8786
829.1183
858.0386
829.4183
858.3686
829.3883
858.8186
829.9583
858.6386
829.6283
858.6086
829.6883
858.3386
829.6283
858.0986
828.8183
858.5486
829.0583
858.4586
829.8683
857.9486
829.8383
857.8586
829.4483
829.2683
858.8786
829.6883
829.3883
858.2786
828.9983
829.1783
859.2086
829.5383
829.4483
858.0986
830.1083
829.4783
858.6986
828.8483
828.4883
828.6383
857.4086
829.3283
828.9983
829.1183
828.7583
858.6086
829.5683
828.9383
829.0283
828.9983
828.8483
858.4286
829.2683
829.6883
828.1583
829.0883
828.9383
829.0583
828.3983
857.8886
829.5383
828.8783
828.6683
828.8783
829.4183
857.8586
828.9083
828.5483
829.2383
828.9683
857.3486
829.1183
828.8483
828.8483
857.4686
829.1483
828.9083
829.6583
857.9786
828.7583
828.8183
857.9186
829.3883
828.7283
858.6686
829.0883
828.9083
858.0686
829.6883
829.0583
858.6686
829.0583
858.3086
829.5383
858.6086
829.1783
859.0886
829.6883
858.5186
830.3183
858.5786
828.8183
858.2486
829.4483
858.6686
829.1183
857.9786
829.1183
857.9486
829.3283
857.9186
829.2683
858.2786
830.2583
858.3386
829.7783
858.1886
829.8683
858.9986
829.7483
858.3986
829.6583
858.6386
829.5683
858.3986
829.4483
858.6386
829.2683
858.3686
829.3883
858.2486
829.5683
857.9186
829.3283
858.0686
829.8983
857.8286
829.3583
857.9786
829.6583
857.6486
829.7783
857.5886
829.5683
857.3186
829.0283
857.7986
829.0883
858.1586
829.8983
857.5586
828.9683
857.7986
829.8683
857.6486
830.0783
858.4286
828.9983
858.1286
829.7483
858.3986
828.8783
858.5186
829.8683
857.8886
829.3883
858.4586
828.8783
858.3386
829.1183
858.6386
829.5683
858.1586
829.8683
858.6086
829.2383
858.5186
829.5383
858.3386
829.5983
828.6683
858.1886
829.3583
829.5683
857.7086
828.9383
829.4783
857.9786
829.4783
829.2683
858.3986
829.2383
828.9683
857.7686
829.9583
829.1483
829.2683
858.4286
829.1783
830.0183
828.9083
829.1783
858.5786
830.2883
829.2683
829.2383
828.9083
828.6383
829.2983
829.4783
858.4286
828.6683
828.6683
828.8783
829.3283
828.9083
828.9083
829.5683
829.0583
829.0883
857.7986
829.2983
829.3283
829.0583
828.9983
857.5586
829.2083
828.9683
829.1183
857.5586
829.7483
829.5083
829.5683
857.2886
829.7483
829.5383
829.4183
858.0386
829.5083
829.2083
857.9786
829.8383
829.1783
857.9786
829.0583
829.3283
857.6786
828.7283
828.9983
857.3786
829.3883
857.9786
829.5083
858.9986
829.3883
858.7286
829.3283
858.4886
829.5083
858.5786
829.3583
858.3386
829.7183
858.6686
829.8383
858.6086
829.1483
858.1586
829.5983
858.6686
829.4783
858.2486
829.2983
858.2486
829.5983
858.2186
829.4483
858.3086
829.2383
858.1886
829.4783
857.8886
828.9683
858.1886
829.8983
858.8186
829.3583
859.5986
829.6883
858.6986
829.6583
857.8586
829.8383
858.7286
829.5383
857.7686
829.5383
858.0986
830.4083
857.7386
829.6583
857.4686
828.9083
858.1286
829.8383
857.7986
829.3883
857.6786
829.1783
857.4386
830.0783
857.4086
830.4083
857.6786
829.9883
857.9186
829.3583
857.8586
830.0783
857.5586
829.6883
858.4286
829.3883
858.5486
829.5983
857.8586
829.4183
858.1586
829.2083
858.4886
829.4183
858.7286
829.1183
858.2486
829.2083
858.2186
829.5983
829.2683
857.8886
829.6883
829.4183
858.4286
829.1183
829.7183
858.0686
828.9383
828.9683
857.9486
829.2083
829.0883
858.4286
828.9383
829.0883
828.9083
858.5186
829.5983
828.8783
829.5983
829.2083
859.1186
829.2983
829.8383
828.9083
828.2483
829.2983
828.7283
829.2683
858.4286
829.3883
829.2383
829.2083
829.0283
828.7283
829.6583
828.9683
858.8186
830.2883
829.2983
829.0283
829.1183
859.0886
829.5683
829.1783
829.3883
858.1886
829.2083
829.6283
829.0583
857.8286
829.5083
829.5683
828.3083
857.8586
829.5683
829.1783
857.5586
829.5983
829.5983
857.1986
829.3583
828.7583
857.7386
829.8083
829.8083
858.2186
829.0583
858.1586
829.2383
857.8286
829.7783
858.9686
829.0883
858.2486
829.2983
857.7986
829.2983
857.9186
829.3883
858.1586
829.4183
857.7686
829.0583
857.9186
830.0483
858.0386
829.2083
858.9086
829.3583
858.2786
829.5683
857.7386
829.2383
858.2786
829.3283
857.8586
829.6583
858.8186
829.6883
858.7886
829.7483
858.0086
828.9383
857.9486
829.2083
857.7086
828.9683
857.9486
828.8183
857.9786
829.5683
858.0986
829.9883
857.4386
829.6283
857.9486
829.2083
858.0086
829.6883
857.8886
829.5083
858.0686
829.7783
858.4286
829.5383
857.8286
830.0783
858.0386
829.2083
857.6186
829.8383
857.6786
830.2283
857.7686
828.8783
856.9886
829.9583
857.8586
830.1983
857.5286
829.0583
858.1586
829.6283
857.9486
829.7183
857.8586
829.1783
857.4386
828.9383
857.8586
829.0283
858.6986
829.0583
857.9486
829.2383
829.1183
858.1586
829.3883
829.2983
857.1686
829.2683
828.9983
857.5286
829.4783
829.4783
858.5186
829.1783
829.7183
858.5786
829.5983
829.6283
829.9283
858.7586
829.8683
829.2983
829.4483
829.2383
859.1186
829.3883
830.0783
829.0283
829.6283
829.2683
829.7783
829.6283
858.6086
829.0883
828.9683
829.0883
829.4183
829.4783
828.9983
829.0283
829.4483
828.8483
858.7586
829.2983
829.4783
829.0883
829.7183
858.5186
829.8383
829.2083
829.2983
858.1286
830.0783
829.2683
829.1183
857.8586
829.2083
828.8783
829.6883
858.4886
829.3883
829.0583
857.8586
829.2383
828.8483
858.1886
829.1183
828.8783
857.4386
829.5683
829.2383
856.9586
829.4483
857.7086
829.4483
857.8886
829.4483
857.3186
829.5383
857.7086
829.3883
857.3786
829.4183
857.3786
829.4783
858.1886
829.2383
858.2186
829.7183
858.3086
829.0883
857.5286
829.4783
857.5586
829.1483
858.1586
829.4483
858.0686
830.2283
858.0386
829.4183
857.7686
829.1783
858.2486
829.6283
858.6386
829.4783
858.3386
828.9683
857.7386
829.1783
858.0086
829.1783
858.2486
828.8483
858.7286
828.7283
857.8586
830.4083
858.4286
829.3883
857.4986
829.1783
858.0986
828.6683
858.1586
829.4483
857.7386
829.7783
858.7886
829.3583
857.7686
829.5383
858.0686
829.7483
857.4386
829.5683
856.8986
829.3883
857.3786
829.3883
856.6586
829.5083
858.0686
829.1483
857.6786
829.7483
857.2286
829.7483
857.7686
829.5383
857.5886
829.5083
857.2586
829.9583
858.1586
829.4483
858.1886
829.5683
829.3583
858.0686
829.0583
828.8483
857.4386
828.6983
828.9983
857.7686
829.2383
828.2783
857.7086
829.0283
829.0283
858.6686
828.9083
829.0883
828.5483
858.2486
829.0283
828.6083
828.4883
828.7583
857.9786
828.7883
828.9383
828.8183
828.7583
829.0583
828.4583
828.9083
858.4286
829.1183
829.3283
828.8183
829.3583
829.0283
857.8886
829.2683
829.7783
829.4183
829.3283
829.7183
858.2786
829.3583
828.8783
829.4183
829.3883
858.1886
829.6583
829.4183
829.3583
858.2486
829.9883
829.4783
829.3283
858.1886
829.5383
829.1783
829.2083
858.5186
829.0883
829.7783
858.5186
829.3883
828.9983
858.7886
829.5983
829.3583
859.2986
829.2083
858.0086
829.0883
857.7086
829.7183
857.9186
829.3283
857.9186
828.9683
858.0986
829.3583
857.0786
829.5383
857.6786
829.1183
857.6186
829.2683
857.6486
829.2083
857.8286
829.5083
857.2586
829.8683
857.6186
829.1183
857.1986
829.2083
857.5286
828.8783
858.6086
829.3283
858.2486
829.6283
857.4986
829.5983
858.2786
829.2683
858.9086
829.6583
858.0386
829.2383
858.1886
829.1183
858.6686
829.0583
858.4586
829.5383
858.1286
829.2083
858.3386
829.1783
858.4886
829.7783
859.2986
829.5683
858.3686
830.2283
858.6686
829.2083
858.5786
829.4183
858.0986
829.6283
858.2786
829.8083
858.8786
829.5083
858.9086
829.9283
857.6486
829.2683
858.1286
828.9383
858.5486
828.9083
857.7686
829.3283
857.9786
829.2083
857.4086
829.4183
858.0686
830.1383
857.5286
828.8483
857.4986
828.6383
829.0583
857.5586
829.4183
828.9683
857.2886
829.4783
828.7883
857.5886
829.2383
829.2983
857.5886
829.0583
829.3583
857.8886
829.7183
828.9383
828.8183
858.2486
829.1483
829.0583
829.3283
829.1183
858.1586
829.2083
829.1483
829.1483
829.2383
829.4483
829.7183
858.5186
829.4483
828.9983
828.9083
829.1183
829.6883
829.6883
830.0783
828.9983
829.3583
829.2983
829.5383
858.4586
828.9983
829.2983
829.6283
829.1183
858.1886
829.8983
829.6283
829.2083
829.2083
858.6986
829.4183
828.8483
829.4183
858.9686
829.9283
829.2683
829.3583
858.2486
829.0583
829.0883
858.6986
829.4783
829.0283
858.5486
829.5383
829.2983
858.3986
829.7783
829.4483
857.8586
829.3283
858.7286
829.6583
857.8286
829.4483
857.8586
829.4783
857.2586
829.6283
857.9486
829.3283
857.7386
829.2083
857.5286
829.0283
857.4986
829.0583
858.1886
829.4783
857.1386
829.1183
856.7786
828.9683
856.5086
829.5983
857.7086
829.0883
857.6786
829.7183
857.6786
828.3983
857.8886
829.3583
857.4086
829.0883
857.9186
828.9983
858.6986
830.3483
858.4286
829.5983
858.7286
829.2983
857.7086
828.9083
858.4886
829.3583
858.1286
829.5683
858.0686
829.4183
858.1886
829.2383
858.6686
829.2083
858.4586
830.4083
858.2186
829.9283
858.5786
829.6883
857.9486
829.6883
858.9986
829.6583
858.2486
829.9283
858.9686
829.6883
858.4886
829.6283
858.8186
829.6583
858.7586
829.8683
858.5186
829.5383
858.3386
829.6283
858.5186
829.8083
858.0386
829.3283
858.7886
829.5383
829.5683
858.3986
829.2683
829.7483
858.3686
829.4183
828.9683
858.6986
829.3583
830.2583
857.5586
829.7783
829.3283
857.4686
829.8983
829.2083
828.6983
858.1286
829.5383
829.5983
829.0883
829.3283
857.7086
829.4783
829.3283
829.2383
828.2183
828.9983
828.6683
857.7686
829.3283
828.7883
829.1783
829.5983
828.7283
828.9683
828.9683
858.3086
829.2683
828.2783
829.0583
829.6283
829.8083
857.9786
829.2083
829.3883
829.2083
829.6283
858.5486
829.5683
829.3883
829.5383
858.3386
829.2683
828.9083
829.1783
859.2386
829.3283
828.9683
829.5983
858.2186
829.2083
829.2983
859.2986
829.8383
829.3583
858.6386
829.2983
829.1783
858.9086
829.3583
858.0386
829.1483
858.9686
829.3283
857.8286
829.8383
858.1886
829.6283
859.0586
829.2983
858.6686
830.4983
858.6386
829.1183
857.9486
829.5683
857.4686
829.7783
858.4286
829.2683
857.5286
829.4183
858.0386
830.2583
857.2886
829.2083
857.9186
829.6583
857.3186
829.3583
857.2886
829.6883
858.9386
829.1783
858.3386
829.5983
858.1286
830.0483
857.3186
828.9083
857.7386
829.6583
858.0386
829.4783
858.0086
829.2383
858.0386
829.2383
858.2486
829.2983
857.5886
829.1783
858.3086
829.5083
857.9486
829.5983
858.2486
829.0583
858.3386
829.2383
857.8586
829.3283
858.6686
829.1483
858.2786
829.5383
858.0086
829.6283
858.1286
829.8683
858.5186
829.0583
857.4386
830.0183
858.1286
829.3583
857.9186
829.3283
857.9786
829.2683
857.7986
829.0883
857.5886
828.8483
857.9186
829.1483
829.4483
857.0786
829.2083
830.0183
858.0686
829.3283
829.2983
857.6786
829.7783
829.4783
857.2586
828.7283
829.1483
858.2486
829.9583
829.2383
829.3883
857.6786
829.6883
829.8383
829.4483
828.9983
857.7086
828.7883
828.9983
829.0883
828.8183
829.7183
830.0483
858.0986
829.9883
829.2383
829.3283
829.5683
828.9683
828.8483
829.1183
828.6683
829.1783
829.3283
829.1783
828.9683
858.2486
829.2383
828.9383
828.9983
829.2083
858.0086
829.3283
828.9983
829.3883
858.3986
829.2983
828.9683
828.9683
858.1586
829.4183
829.5383
829.0883
857.3186
829.4483
828.9083
857.6186
829.5683
828.5783
857.8586
829.1183
829.0883
858.0986
828.5183
857.8586
829.5983
859.2086
829.9583
858.3386
829.9283
858.6086
829.2383
858.7886
828.9983
858.9086
829.4183
858.3986
828.9383
858.1286
829.1783
858.7586
829.2083
858.1886
829.0883
857.3186
829.8083
857.6486
829.3883
856.7486
829.8683
858.0386
829.0583
857.6186
829.3283
857.7086
828.5483
856.8086
830.1683
857.1986
829.6283
857.7386
829.8083
857.9186
829.0583
857.5886
829.4183
857.4086
828.8183
857.5886
830.2283
857.6486
829.5083
857.9186
829.8083
858.0386
829.5983
858.3086
829.6883
858.6686
829.0283
858.4586
829.8683
859.2686
829.0283
857.5586
829.4783
857.6486
828.6683
857.8886
829.0583
858.5786
829.4783
857.5286
828.7883
857.5886
830.0483
857.9786
829.5683
858.0686
829.4483
858.0386
829.1783
857.7386
829.3583
858.0986
829.9283
857.8886
829.2083
857.7686
829.3283
857.6186
829.2083
829.2983
858.6686
829.4483
829.2683
859.0886
829.3583
828.8183
858.4586
829.4183
829.4483
858.8786
829.2983
828.9683
858.5786
829.5383
829.6283
828.9383
858.7286
830.0183
829.1483
828.7883
829.2983
857.7986
829.5983
828.7883
828.9983
829.1183
829.6283
829.4483
857.9486
830.1983
829.0883
829.2383
829.2083
828.6983
829.6583
828.9683
828.8783
829.1183
858.0386
829.3283
829.3583
829.1183
828.8783
858.3086
829.4183
829.4183
829.1783
829.2983
858.5786
829.8683
829.6583
829.2983
858.4586
829.5983
829.4483
829.1183
858.4586
829.6883
829.1483
858.2486
829.5083
829.2983
858.1886
829.6283
828.6983
858.1286
828.7883
828.8183
858.5786
828.9683
858.6686
829.1183
858.3386
829.6283
858.2486
829.8083
858.1886
829.0583
858.4886
829.5983
858.5786
829.7783
858.2786
829.3583
858.9986
829.2683
858.0686
829.8083
858.2786
829.9583
858.5786
829.8083
858.6086
829.8983
858.1886
829.2083
857.9186
829.7483
857.6186
829.5683
858.0386
829.4783
857.5586
829.4483
858.0386
829.2983
856.9886
829.8383
857.0486
829.9283
858.0086
829.8683
857.5586
829.5983
858.3386
829.3583
857.5286
829.4783
858.3386
829.1783
858.5786
829.1483
858.6386
829.6283
858.2486
829.6883
858.1886
829.0583
858.6986
829.1483
858.7886
829.6283
858.2186
829.0883
858.4586
829.6883
858.4586
829.6883
857.5286
829.1783
858.2186
830.0183
858.1886
829.8683
858.3686
830.0183
858.0086
828.7883
858.6986
829.2083
858.4286
829.3283
858.5186
829.3583
858.1586
828.9983
829.2383
857.8886
829.5083
829.1483
857.9186
828.9083
828.8483
857.8586
829.3883
829.0583
857.1686
828.6083
828.9083
857.7386
829.1183
828.8483
829.3283
857.9486
828.8783
828.9083
829.1183
829.6283
858.6686
829.9583
830.1083
828.9383
829.0283
828.9083
829.2083
857.9186
829.9583
829.0583
829.1483
828.6383
829.6583
829.4183
828.8483
829.4183
828.8483
829.2383
828.9983
858.1586
829.9883
829.1483
829.0583
828.5483
857.7386
829.0883
829.5083
829.3283
828.9083
858.3086
829.8683
829.6283
829.2683
857.5586
830.1383
829.2683
829.1183
858.1286
829.6283
828.9983
858.3686
829.4783
829.1483
858.3986
828.9983
829.5383
858.7886
830.0783
858.8186
829.2983
858.0686
829.4483
858.0986
829.6283
858.1586
828.4583
857.6486
829.0883
858.9386
829.3583
858.2786
829.8683
858.8786
829.2683
858.1586
829.2683
858.3686
829.4483
858.6686
829.1183
857.9786
828.9683
857.4386
829.5083
857.0486
828.9983
857.7386
828.8183
857.2886
829.1783
857.3786
829.4783
857.6486
829.4183
856.9286
829.3883
857.8286
829.1183
858.3386
829.7183
856.8686
828.7883
857.2586
829.2383
858.0086
829.3883
857.7386
830.2883
857.4686
829.4783
857.6786
829.1183
857.5586
829.5683
857.4086
829.6883
858.5786
828.9683
858.4586
829.2683
858.7886
829.6883
857.9186
829.3583
858.0086
829.8383
857.2886
829.0283
858.2786
829.1183
858.1586
829.2083
858.2186
828.9083
857.7686
829.3283
858.7586
829.0283
858.1886
829.8083
858.7886
829.0883
858.7586
829.8083
858.9086
828.8183
829.3283
858.1286
828.9983
828.9983
858.3086
828.7883
828.6683
857.9186
829.2083
828.5783
858.1286
829.0583
829.4483
858.0986
829.5383
829.2383
829.4483
858.9986
829.2383
829.1783
829.1183
829.0283
858.6686
829.8683
829.3283
828.9083
829.5083
829.5383
829.2983
829.1183
858.4886
829.0883
829.2683
829.4483
829.2083
828.9683
858.1586
829.1183
829.1783
829.2383
829.2683
829.1183
857.4086
829.2683
829.2983
828.9683
858.1586
829.8383
829.5983
829.1183
858.0986
829.5383
829.3583
829.8083
858.5486
829.6283
829.7783
829.9583
858.1886
830.0183
829.1183
858.3986
829.4783
829.5683
858.8786
829.3883
829.3583
858.2786
829.6583
858.3086
829.7783
858.5486
829.3283
858.6086
829.5383
858.7886
830.5283
858.0086
829.4483
858.2786
830.2883
858.3386
829.2683
858.2486
829.6283
858.4886
830.3783
858.5186
829.3283
858.2486
829.7183
857.9786
829.8983
858.1286
829.1183
858.0986
829.2383
857.4986
829.5983
858.3386
829.5683
857.9486
829.1183
857.8286
829.5083
857.3186
829.6583
857.8286
829.0283
858.0686
829.5083
857.9486
829.7783
858.7586
829.0283
858.1586
828.9983
857.2886
829.2983
857.7086
828.7283
857.6786
828.9983
857.2586
829.0283
857.1686
829.6283
857.1686
829.1783
857.6486
829.5083
857.4986
829.4483
858.0986
829.3283
857.0186
829.1483
857.8286
828.9983
857.8286
829.1483
857.4686
828.9983
858.1886
829.2683
857.4386
828.7283
857.7386
829.3583
857.8886
829.8383
857.9486
829.1783
858.2786
829.2383
858.6686
829.8083
829.2683
858.1886
829.3583
829.0583
858.3086
829.9283
829.6883
858.1586
829.5983
829.3283
858.0986
830.0483
829.3283
858.0686
829.7183
829.5683
829.2383
857.7686
829.6283
828.9683
828.9683
829.1483
858.0386
828.6983
828.8183
828.5483
828.9983
828.9083
829.2683
828.7883
857.8886
829.4183
829.3283
828.8783
829.1783
829.0583
829.0583
829.2083
828.9683
829.1783
858.0686
829.1183
829.2083
828.6083
828.8783
856.8386
829.5983
829.0883
828.9083
857.1686
829.5383
829.0883
829.0283
857.6786
829.7183
829.4183
829.2983
858.2486
829.8983
829.2683
858.2186
829.6283
829.4183
858.2186
829.8683
829.1483
858.0686
829.3283
829.5083
857.6186
830.0183
858.2186
829.3283
859.0586
828.9683
858.4886
829.5983
858.7886
829.5083
858.9086
829.3883
857.5586
828.8483
858.5486
829.4483
858.4586
829.9883
858.9986
829.3583
857.7986
829.4783
857.8886
829.1783
858.7886
829.8983
858.0086
829.3883
858.4886
829.4183
858.0686
830.0483
858.4286
828.9383
857.9786
829.2683
857.9186
829.2083
857.8886
829.2683
858.3386
829.3883
857.7686
829.0883
857.5886
829.8083
857.2886
829.5083
858.0386
829.7483
857.7686
829.5683
857.4386
829.2683
857.1986
829.7183
857.5286
829.2383
857.4386
829.8983
858.0086
829.2383
857.5286
829.2683
857.1386
829.3883
856.9886
829.2083
857.2586
829.1483
857.5286
830.2883
857.8286
829.7783
858.1586
829.7783
858.0986
829.4483
857.7386
828.9983
857.9186
829.5083
857.8286
829.9583
858.0086
828.7583
858.1886
829.0583
829.5083
857.9486
829.0883
828.9983
858.4886
829.1183
828.5783
858.2786
828.8783
828.8483
858.4886
830.0483
829.1783
857.9786
829.6283
828.9983
829.1783
857.6186
829.4483
829.5083
828.8183
828.7583
858.0986
829.9583
829.4183
829.1483
829.2083
828.6983
858.3686
829.8383
829.8383
829.3583
829.2983
828.6083
857.4386
829.4183
829.4183
829.1183
828.7583
829.2383
828.9983
858.4886
829.7483
829.2083
829.3883
828.8183
858.4286
829.5683
828.5783
829.3883
829.0583
857.5886
829.5983
829.2983
828.9083
857.3486
828.8783
829.0583
857.3486
829.1183
829.3583
858.2186
829.7483
828.8183
857.5286
829.4183
829.2683
857.9486
829.6283
858.0386
829.6883
857.9486
829.8683
858.2186
829.5983
857.7686
829.4483
857.6486
829.1483
857.5886
828.9983
857.6786
828.8783
857.6486
828.9083
857.6786
829.2983
858.5186
829.3583
858.0686
830.0483
858.6386
828.7583
858.0686
829.1483
858.1286
828.9083
858.0386
829.2983
857.9186
829.1783
858.0386
830.5283
858.6986
828.8483
858.2186
830.3783
858.3086
829.0883
858.6086
829.8683
858.4886
829.4183
858.2786
829.6283
858.1586
829.4183
858.7286
829.4483
857.4086
829.1783
858.4586
829.4183
858.4586
829.2383
857.7986
829.0583
857.7986
829.6883
857.4086
829.5683
857.7686
828.9383
857.4386
829.0283
857.7086
829.0583
857.9486
828.9983
857.8886
829.5083
857.8286
829.3283
857.2586
829.1183
857.5886
829.6283
857.7686
829.5983
857.5886
829.6583
857.5886
830.1383
857.7986
829.0883
858.0986
829.5083
829.2983
858.2486
829.4483
829.2383
858.4586
829.7183
829.6883
858.5186
829.4783
829.8083
858.3386
829.8083
828.3383
858.3686
829.1483
828.6983
829.8083
857.9786
829.8683
829.3583
828.9983
829.5683
858.6686
829.6583
828.9083
829.2383
829.2983
829.2383
829.2983
829.3583
858.4586
829.1783
829.6883
829.0883
829.2383
829.3283
828.9983
828.9983
829.0583
828.9383
857.6786
828.8783
828.6083
828.8183
829.2083
858.7586
829.5683
829.3883
829.0583
857.8286
829.3883
829.0283
829.3583
858.1286
829.7783
828.9983
828.3383
857.5586
829.3583
828.9383
857.7986
828.7883
829.6883
857.1686
829.2683
829.6883
857.3486
828.7883
829.1783
857.2886
829.4483
857.6786
828.9983
856.9586
829.5683
857.0486
829.0583
857.9486
829.0283
857.9786
829.5383
857.4986
829.6283
857.4986
829.5083
857.4386
829.4783
857.2886
829.3583
857.6186
829.5083
857.5886
830.3783
858.1886
829.5083
858.1586
829.3583
858.4286
829.8083
858.3386
829.2383
858.2186
829.2083
857.8886
829.6883
858.1286
828.9983
858.0386
829.2683
857.5886
828.9383
858.3386
829.6583
858.4586
829.5983
858.2186
829.0583
858.6386
829.8383
858.7286
829.6583
857.6786
829.1183
857.7686
829.8683
858.4586
829.6883
857.8886
829.4483
858.0986
829.0883
858.4586
829.3883
858.0086
829.0883
857.8286
828.7883
857.9186
829.6583
857.8886
829.7483
857.6186
829.5383
857.8886
829.2683
857.6186
829.2983
857.9186
829.0583
858.0686
829.1183
857.7986
829.5983
858.3686
830.0183
858.2786
829.8983
829.2983
857.5286
829.4183
828.9983
858.4286
829.5683
829.7783
857.9786
829.1483
828.7283
858.0086
829.2383
829.8383
857.6786
829.1183
829.1183
829.7483
858.3686
829.5383
829.4783
829.2983
829.2983
859.0586
829.2683
829.3283
829.2083
829.0583
829.5983
829.3883
858.6086
829.0583
829.1183
829.2983
828.6683
857.8886
829.5683
829.2683
828.8483
829.1483
828.6683
857.7686
829.2383
829.3883
829.0283
829.2083
858.1286
829.9583
829.0883
829.1183
829.4183
858.5486
829.2083
828.9083
829.3283
858.3086
829.2983
829.1483
828.8183
858.0686
829.0583
828.7883
858.2486
829.5083
829.4483
858.4886
829.2983
828.9383
857.8586
830.2583
857.3786
829.2983
857.2586
829.8983
857.9486
829.2983
857.5286
829.7483
857.7086
829.3283
857.6486
829.8683
858.4586
830.1083
858.0686
829.1783
857.6186
829.8683
857.8286
829.7183
857.6486
828.9083
857.2886
828.7583
857.3786
828.9983
857.6786
829.0883
857.1986
829.2683
857.4986
829.2983
857.1986
829.2383
857.9486
830.0183
858.2786
830.1683
857.6186
830.2283
857.9486
829.0883
857.7386
829.1483
858.0386
829.6283
857.8286
829.7183
858.3086
829.3283
858.0986
829.6283
857.7386
829.4183
858.1586
829.1183
858.4586
829.2683
858.1586
829.8083
857.4986
829.5083
858.2786
829.2083
858.2186
828.7583
858.3686
828.7583
858.3086
829.8983
858.4886
829.1183
858.0686
829.2083
858.2186
829.1183
857.5886
829.2683
858.0986
829.4183
857.3486
829.0883
857.2286
828.9083
856.8686
829.7483
857.3186
828.6983
829.2083
858.3686
829.4183
829.1483
856.8986
829.5383
829.0283
857.4686
829.0583
829.2983
857.5586
829.0583
828.9683
858.0986
829.3283
829.5083
829.0283
856.9886
829.8983
829.4783
829.5983
828.7583
858.2186
829.8683
829.9283
829.2683
829.8983
829.2383
829.4783
829.5083
858.0086
829.4483
829.2983
829.1183
828.7583
829.2983
828.5183
828.6683
829.3583
829.0883
858.1286
828.8783
828.7583
829.0883
829.3583
858.0686
829.4183
828.9983
828.9683
857.7986
829.0883
829.2683
828.9383
858.0386
830.4383
829.5383
829.6283
858.0686
828.8183
828.8183
858.7886
829.6283
829.2683
858.4286
829.2383
829.2983
857.8886
829.6583
828.6983
858.2186
829.6583
857.0486
828.9683
858.3986
829.1783
858.0986
829.5983
857.9186
828.8783
857.6486
829.7183
857.7086
829.1483
857.1986
828.8183
857.1986
828.7883
856.8086
829.4483
856.7486
828.8483
857.0786
829.2083
857.0786
829.2083
857.2586
829.2083
857.3186
829.3583
857.7386
829.7183
858.2786
829.4783
857.7986
829.9583
856.5686
829.1783
857.3486
829.1483
857.3486
829.7183
857.6786
829.4483
858.2186
830.0783
858.0986
829.5383
857.9486
829.0883
858.1286
829.1483
857.3486
829.6583
858.2186
829.5983
856.6586
829.1783
856.8686
829.2383
857.7386
829.4183
857.0786
829.2383
856.9586
828.9083
857.7086
829.2383
857.1686
829.7483
857.8286
829.7183
857.9486
829.1783
858.0986
829.0883
858.4886
829.7483
858.4586
829.3583
858.3086
829.6883
857.9786
829.8683
858.2486
829.5983
858.0386
829.2083
829.5683
857.7986
829.5083
829.0283
858.9086
829.4183
829.4783
858.5186
829.5383
829.3583
858.8186
829.4483
828.9383
858.3686
829.2683
828.5783
829.5683
858.3986
829.5383
829.0583
829.3283
828.9383
858.9086
829.2383
828.7583
828.9083
829.1183
829.2083
829.8983
828.6983
858.6086
829.8083
828.9683
828.9383
828.6383
829.2983
830.1983
829.2683
829.5683
858.1886
829.6283
829.5983
829.9583
829.0583
857.7986
829.3883
828.8483
829.5983
858.2786
830.0183
829.1783
828.4883
857.9186
829.3283
829.2383
829.5683
858.1286
829.6583
828.4583
857.7386
829.0583
829.2683
858.1886
829.2383
829.2383
858.2486
829.2983
829.6283
858.0086
829.2683
858.3686
828.9983
858.4586
829.0883
858.1886
829.9283
858.1286
829.9883
859.2386
829.1783
858.0386
830.3483
