15542.57701554
15536.41501554
15533.25901553
15528.10501553
15525.09901553
15524.00701552
15523.78501552
15525.05101553
15526.61701553
15523.57801552
15527.40601553
15527.40601553
15527.62501553
15521.71201552
15528.16501553
15523.65001552
15521.58601552
15526.01101553
15523.44601552
15526.07401553
15525.08401553
15524.56201552
15526.11301553
15527.46301553
15527.15401553
15523.27501552
15526.57201553
15529.15801553
15525.77101553
15520.45201552
15527.73601553
15526.93201553
15526.65001553
15523.74601552
15522.68401552
15526.26301553
15526.63501553
15525.68701553
15525.04501553
15523.14601552
15524.66701552
15523.04101552
15529.06801553
15530.64301553
15525.88801553
15526.75201553
15526.80001553
15524.57701552
15527.07601553
15530.22601553
15523.14901552
15521.40901552
15527.29201553
15526.07401553
15526.16101553
15525.96001553
15521.51401552
15523.29301552
15521.67601552
15526.15201553
15524.22301552
15527.28901553
15525.24001553
15523.98001552
15527.65801553
15529.63801553
15524.76001552
15526.78801553
15525.99601553
15529.07101553
15527.95801553
15524.77201552
15527.14201553
15531.48601553
15523.16401552
15525.21601553
15525.53401553
15527.64001553
15526.17301553
15524.96101552
15527.57701553
15521.68201552
15526.04101553
15524.10901552
15527.09701553
15525.77401553
15523.53301552
15524.57101552
15524.10301552
15524.97301552
15523.36201552
15525.69901553
15529.12801553
15526.11901553
15524.18701552
15522.99001552
15527.93701553
15525.12301553
15524.46601552
15528.20701553
15523.53901552
15528.69001553
15527.85301553
15522.00001552
15523.15501552
15524.19301552
15526.51501553
15526.74001553
15522.72601552
15526.90201553
15530.35801553
15521.83201552
15527.26801553
15525.08401553
15522.47101552
15524.29801552
15525.25501553
15524.59201552
15526.44001553
15523.71001552
15529.69201553
15527.26501553
15520.99501552
15524.81401552
15524.50201552
15523.93201552
15528.26701553
15524.12701552
15524.55601552
15522.83401552
15523.99201552
15527.00701553
15526.17301553
15527.38201553
15525.34801553
15529.95301553
15524.66401552
15527.38501553
15527.69401553
15527.37601553
15524.78401552
15527.96701553
15523.68901552
15528.18901553
15521.66401552
15520.93501552
15528.27601553
15524.88901552
15525.09301553
15527.57401553
15523.09201552
15526.98901553
15522.57901552
15524.09401552
15526.92601553
15528.66001553
15527.01001553
15525.57301553
15521.30701552
15524.68501552
15524.82001552
15527.64301553
15525.60001553
15525.05101553
15525.04801553
15525.31501553
15527.99701553
15525.18001553
15526.93801553
15525.09901553
15525.17101553
15521.57401552
15523.65301552
15525.25201553
15525.09301553
15526.95901553
15522.41701552
15527.01301553
15522.98701552
15526.67401553
15528.68101553
15522.94801552
15525.58201553
15521.53501552
15523.49101552
15528.93001553
15523.27801552
15526.73101553
15526.73701553
15524.05501552
15523.70401552
15525.40801553
15522.67801552
15525.75001553
15523.71001552
15522.16501552
15524.54401552
15526.44301553
15528.27901553
15525.49801553
15525.34801553
15523.56601552
15525.28801553
15526.53901553
15521.67901552
15523.88701552
15520.48801552
15523.69201552
15525.23101553
15526.00501553
15529.68901553
15524.28001552
15522.24901552
15524.40601552
15524.63401552
15527.97601553
15520.79701552
15522.35101552
15525.81001553
15522.87001552
15523.35301552
15530.65501553
15528.77701553
15524.69701552
15522.99001552
15528.58801553
15527.96701553
15524.78401552
15527.74501553
15526.32301553
15524.01301552
15525.56401553
15528.68101553
15527.68501553
15526.09201553
15525.37201553
15527.18101553
15524.63701552
15529.25701553
15527.23801553
15526.71301553
15526.35001553
15523.60201552
15523.72501552
15525.29701553
15523.31101552
15528.68101553
15526.56001553
15523.84801552
15520.30801552
15525.23701553
15521.76001552
15522.30601552
15524.84101552
15523.13101552
15522.60601552
15526.92301553
15522.63301552
15524.09401552
15524.02201552
15527.47501553
15524.97601552
15528.94201553
15524.82001552
15525.60001553
15522.66901552
15523.91701552
15521.37601552
15525.63301553
15526.30201553
15523.69801552
15523.16401552
15526.57201553
15530.90101553
15524.95201552
15524.19301552
15525.29701553
15524.48401552
15528.04501553
15522.63301552
15522.65401552
15527.11501553
15526.40701553
15525.60001553
15525.37501553
15522.98401552
15523.60801552
15523.64401552
15525.28801553
15522.55801552
15524.05501552
15529.56901553
15520.68001552
15525.30001553
15523.36201552
15526.08901553
15525.06901553
15523.95601552
15524.53201552
15522.66601552
15522.80101552
15523.12801552
15522.05101552
15522.74401552
15521.45101552
15523.80601552
15526.76101553
15525.79501553
15529.30801553
15523.74601552
15526.51501553
15522.65701552
15526.56601553
15522.60901552
15524.72401552
15528.26101553
15529.17301553
15520.40701552
15526.38001553
15523.22401552
15526.32901553
15524.68801552
15521.19001552
15524.61001552
15527.55601553
15524.53501552
15529.31101553
15525.96301553
15522.68101552
15527.66401553
15524.49301552
15521.66101552
15526.05901553
15521.17201552
15523.25401552
15525.58201553
15523.02001552
15527.86201553
15522.39301552
15525.94801553
15524.94001552
15527.02501553
15526.11601553
15526.66501553
15526.64401553
15525.45601553
15524.00401552
15522.52201552
15526.14601553
15523.68601552
15523.69801552
15525.24301553
15521.01901552
15526.67101553
15522.23401552
15522.73501552
15529.22101553
15522.00301552
15523.44901552
15525.87301553
15520.55701552
15525.70801553
15523.81801552
15522.85201552
15526.42501553
15521.95501552
15523.77601552
15521.63101552
15524.07301552
15527.16001553
15526.63801553
15524.29201552
15524.60701552
15522.93301552
15521.40001552
15522.37801552
15526.70401553
15522.41701552
15521.77501552
15523.41601552
15522.11701552
15520.93501552
15523.21201552
15526.02901553
15525.75301553
15524.68201552
15523.66501552
15524.27101552
15519.12001552
15523.19101552
15520.69501552
15523.12801552
15520.94401552
15526.74601553
15524.23801552
15525.82201553
15520.31101552
15525.78301553
15524.58601552
15524.75701552
15527.82301553
15523.37701552
15524.05501552
15525.02101553
15528.37201553
15525.64801553
15524.48101552
15523.66201552
15521.38501552
15526.04101553
15521.87401552
15524.19901552
15524.40601552
15522.03601552
15529.53001553
15519.41401552
15526.55401553
15526.67101553
15529.54801553
15528.16801553
15526.89301553
15524.98801552
15524.66101552
15529.70101553
15524.79301552
15522.40801552
15521.69101552
15524.61601552
15524.29501552
15525.54301553
15522.76801552
15526.69501553
15525.52201553
15523.88701552
15525.15601553
15522.78901552
15522.63301552
15523.02301552
15521.89801552
15525.44401553
15524.39101552
15528.41401553
15527.03401553
15524.05501552
15520.45801552
15524.65201552
15521.79301552
15524.06701552
15522.91501552
15521.96701552
15527.10301553
15522.92101552
15526.82101553
15522.46801552
15526.64401553
15524.47201552
15526.60801553
15524.73301552
15524.40601552
15523.69501552
15524.76601552
15520.78801552
15529.56001553
15520.34701552
15529.56901553
15523.38301552
15520.42801552
15527.28301553
15523.92001552
15525.13201553
15524.15101552
15521.97601552
15525.01801553
15523.59001552
15522.49201552
15523.76101552
15523.76101552
15525.15601553
15522.62701552
15527.96701553
15524.15701552
15524.40001552
15522.28501552
15522.76201552
15522.68401552
15522.33301552
15519.59101552
15524.10301552
15522.80401552
15524.26201552
15527.19601553
15524.43601552
15522.44101552
15524.39701552
15521.99701552
15522.37801552
15524.64301552
15528.87001553
15521.43901552
15525.00301553
15526.95601553
15525.00901553
15523.47301552
15520.74001552
15519.98401552
15524.67301552
15520.67401552
15525.93601553
15525.37801553
15523.36801552
15525.53101553
15525.05701553
15524.08501552
15528.30901553
15526.43701553
15522.54601552
15521.31301552
15526.47601553
15523.71001552
15523.70401552
15525.26701553
15525.37801553
15524.25901552
15525.92401553
15526.30201553
15525.38101553
15523.95301552
15521.76301552
15523.43701552
15523.26001552
15525.43201553
15521.33701552
15525.70501553
15520.87501552
15520.82101552
15525.35401553
15521.60701552
15525.00601553
15525.08401553
15523.32601552
15526.08601553
15523.28701552
15518.63701552
15520.15501552
15525.04201553
15523.40101552
15523.58701552
15522.42001552
15520.45501552
15522.14701552
15523.62301552
15526.48501553
15519.48601552
15522.20701552
15526.22401553
15524.22301552
15526.29601553
15525.28801553
15523.95001552
15524.34601552
15523.74001552
15521.03701552
15522.18901552
15522.57301552
15518.86201552
15528.06601553
15523.95301552
15521.58301552
15524.42101552
15519.08101552
15522.48601552
15526.61101553
15526.41901553
15523.49401552
15522.19201552
15524.36101552
15521.81701552
15525.74101553
15523.18201552
15523.17001552
15525.88801553
15525.13501553
15522.89401552
15527.27701553
15525.49201553
15520.26901552
15520.85101552
15521.01601552
15525.83701553
15523.14601552
15522.39601552
15523.71301552
15524.22901552
15522.95401552
15523.56001552
15524.53201552
15525.60601553
15523.61401552
15523.26001552
15526.54201553
15525.89401553
15522.76201552
15522.41401552
15523.62001552
15520.63801552
15523.95601552
15527.31301553
15519.73501552
15526.73401553
15519.44101552
15522.59401552
15523.39801552
15522.96001552
15522.92101552
15525.16201553
15528.13801553
15521.57101552
15520.10101552
15521.62501552
15526.22401553
15525.30001553
15523.88401552
15522.67201552
15521.83501552
15523.09501552
15523.34401552
15521.02801552
15524.68801552
15524.74501552
15526.08901553
15521.76001552
15522.82201552
15523.23301552
15524.57701552
15525.09301553
15528.09601553
15522.10201552
15526.91701553
15524.41201552
15521.82601552
15523.30801552
15525.82201553
15522.00601552
15520.98001552
15523.62601552
15521.87401552
15523.24201552
15524.11801552
15524.68501552
15523.30801552
15524.28901552
15519.48901552
15525.21601553
15525.39301553
15519.34801552
15524.29501552
15521.73901552
15523.58701552
15520.48201552
15521.38801552
15524.27401552
15528.57901553
15521.82001552
15525.28201553
15523.61701552
15524.09701552
15522.57301552
15519.49801552
15524.10901552
15523.24201552
15524.64301552
15525.41401553
15522.44101552
15522.32101552
15521.28601552
15523.03501552
15525.64201553
15526.68601553
15522.55801552
15524.27401552
15520.26301552
15524.58001552
15521.80801552
15523.17901552
15529.01401553
15529.22401553
15521.87101552
15527.75701553
15519.08101552
15525.38701553
15523.50901552
15524.15701552
15523.39801552
15521.25601552
15527.35501553
15523.91701552
15524.75101552
15525.51301553
15521.57101552
15522.05401552
15526.82401553
15520.80301552
15523.91101552
15523.74301552
15524.44801552
15528.47701553
15523.18201552
15527.46901553
15526.37101553
15522.73201552
15524.49901552
15522.42601552
15521.76001552
15520.43701552
15526.20001553
15523.98601552
15523.65001552
15518.44801552
15524.46901552
15520.93801552
15523.38901552
15519.47401552
15524.28601552
15521.23801552
15526.24201553
15523.26001552
15521.78701552
15522.98101552
15520.26601552
15525.84301553
15522.52801552
15524.58601552
15525.55501553
15521.36401552
15525.43801553
15521.65801552
15524.43901552
15520.56901552
15523.03801552
15525.01501553
15525.27001553
15524.85901552
15523.11301552
15521.08801552
15524.88001552
15522.84001552
15522.15901552
15521.57101552
15524.17801552
15521.21401552
15522.45601552
15524.86201552
15522.61201552
15527.21101553
15526.17001553
15521.36701552
15523.66201552
15525.00301553
15526.56901553
15526.33201553
15522.05101552
15521.36701552
15519.35101552
15524.11801552
15525.87601553
15524.80801552
15522.12901552
15528.87301553
15526.87201553
15525.95401553
15524.44801552
15524.14501552
15523.32901552
15523.00201552
15523.33201552
15520.43701552
15525.81901553
15523.66501552
15522.90601552
15524.34901552
15524.94001552
15521.14801552
15525.72001553
15521.94601552
15521.14501552
15525.04801553
15522.24601552
15526.11901553
15522.83701552
15524.07601552
15520.90201552
15527.15101553
15525.17101553
15523.28701552
15521.70001552
15523.52101552
15525.56701553
15523.46401552
15523.57801552
15526.48801553
15521.37001552
15524.10301552
15521.74201552
15526.08001553
15523.77301552
15523.36501552
15522.41401552
15523.47601552
15524.79001552
15527.15701553
15523.19101552
15526.95601553
15521.50201552
15520.60501552
15523.75201552
15523.51801552
15522.52501552
15525.29701553
15522.22801552
15524.79001552
15526.86901553
15522.13201552
15524.38801552
15522.84901552
15522.08701552
15520.99501552
15521.88901552
15521.71201552
15520.46701552
15526.70401553
15524.01601552
15524.47801552
15522.24901552
15523.82101552
15522.21001552
15521.50801552
15527.57401553
15524.01901552
15522.57301552
15521.08801552
15521.77801552
15521.91301552
15526.76701553
15524.69701552
15526.10401553
15523.79701552
15526.36501553
15525.70201553
15525.31801553
15524.31901552
15524.01601552
15525.75601553
15526.34401553
15524.49901552
15525.23701553
15524.22901552
15525.30601553
15527.03401553
15524.80801552
15523.66201552
15526.02301553
15525.66301553
15522.79501552
15524.58001552
15525.40801553
15521.47501552
15519.91201552
15524.89801552
15519.35701552
15524.66401552
15524.96701552
15525.85801553
15524.43601552
15524.93101552
15520.26601552
15522.39001552
15521.56501552
15521.15401552
15523.17001552
15521.89801552
15520.35601552
15527.33401553
15521.21401552
15521.25601552
15518.91901552
15523.77001552
15525.47101553
15523.51201552
15523.07401552
15524.19301552
15522.19501552
15526.91101553
15526.00201553
15523.22101552
15518.85001552
15524.63101552
15523.50301552
15525.65101553
15529.35601553
15522.91501552
15523.11601552
15523.02901552
15523.91101552
15528.43801553
15521.48101552
15525.03301553
15525.42301553
15521.89201552
15526.84501553
15524.46001552
15520.88701552
15528.63901553
15521.11801552
15525.40201553
15521.44801552
15524.68501552
15521.31601552
15523.47301552
15522.41701552
15521.36101552
15524.12701552
15524.52301552
15526.28701553
15521.19301552
15524.32801552
15521.95801552
15526.10401553
15521.86501552
15525.29701553
15522.46801552
15521.08501552
15522.30601552
15524.36701552
15524.39101552
15520.98001552
15528.04801553
15525.95401553
15525.21601553
15525.62101553
15527.38201553
15522.43801552
15524.24701552
15518.64601552
15522.99001552
15522.98101552
15523.26301552
15522.38101552
15523.98601552
15519.28501552
15522.67501552
15524.03701552
15522.37801552
15521.01901552
15523.37401552
15523.80001552
15520.77301552
15527.37001553
15525.18601553
15526.14901553
15523.82701552
15528.12601553
15523.06201552
15523.43401552
15524.49601552
15524.78101552
15520.09201552
15520.61701552
15521.11201552
15520.64701552
15523.31401552
15524.04001552
15520.39501552
15519.46201552
15522.61201552
15522.41701552
15522.88501552
15523.98301552
15524.66401552
15524.80501552
15523.50301552
15521.85601552
15525.29701553
15520.15501552
15522.66301552
15527.71801553
15526.26901553
15523.95901552
15525.42601553
15522.61501552
15521.70601552
15527.52601553
15524.75101552
15524.60701552
15524.20201552
15524.91901552
15524.42101552
15524.67901552
15525.61201553
15523.31701552
15526.55701553
15523.68301552
15520.29601552
15525.25501553
15524.13901552
15524.79601552
15525.04201553
15522.77101552
15523.18501552
15522.48901552
15526.00501553
15522.26401552
15521.64601552
15521.50201552
15520.83001552
15521.94001552
15524.13301552
15525.05401553
15522.04501552
15527.61301553
15522.87001552
15520.33801552
15526.28101553
15525.48901553
15524.26201552
15525.23701553
15524.32201552
15519.94501552
15526.26301553
15521.18101552
15526.08601553
15527.20201553
15525.56101553
15523.66801552
15525.98701553
15524.22001552
15522.83701552
15524.58001552
15522.87001552
15527.65201553
15526.93501553
15526.05301553
15524.07601552
15519.94201552
15530.32801553
15523.82701552
15524.37601552
15527.97301553
15521.35201552
15526.74601553
15526.36801553
15526.58401553
15523.44001552
15519.86401552
15527.00401553
15525.87901553
15520.96501552
15524.76301552
15524.58001552
15527.22901553
15524.83501552
15519.74701552
15523.02301552
15528.05401553
15521.93401552
15521.32801552
15522.20401552
15519.77101552
15522.44401552
15520.36201552
15521.94901552
15519.96301552
15522.44701552
15524.90701552
15522.59701552
15520.29001552
15521.29801552
15522.81301552
15524.72401552
15526.88101553
15522.91501552
15523.89301552
15522.11101552
15522.13501552
15524.11801552
15526.24201553
15522.97801552
15520.58101552
15523.02601552
15526.83601553
15527.04601553
15524.08201552
15524.95501552
15521.09401552
15527.92801553
15523.07401552
15526.18801553
15521.97301552
15521.54101552
15521.11501552
15524.92801552
15522.97501552
15523.67101552
15524.58301552
15521.82601552
15523.93501552
15521.40601552
15523.78801552
15521.07001552
15521.66101552
15523.64401552
15524.44501552
15521.65801552
15521.49601552
15524.16001552
15520.29301552
15523.69801552
15524.04301552
15520.99201552
15522.36901552
15522.47701552
15525.39901553
15523.35601552
15524.01601552
15519.15301552
15519.18901552
15520.66801552
15525.79801553
15527.55901553
15522.92101552
15522.12601552
15525.85501553
15521.56201552
15522.86101552
15522.73501552
15524.46601552
15518.74801552
15523.13401552
15522.82801552
15522.63901552
15524.04901552
15522.05401552
15519.67501552
15527.69101553
15525.28201553
15522.44701552
15520.76101552
15524.13001552
15523.43701552
15524.29801552
15523.19401552
15522.45901552
15523.97401552
15524.34001552
15525.89701553
15525.51001553
15523.62901552
15522.67801552
15522.54901552
15526.87801553
15530.91301553
15525.89101553
15522.45001552
15522.09001552
15522.94801552
15522.37201552
15527.83801553
15524.31001552
15526.61401553
15525.41401553
15524.06101552
15527.02801553
15521.34601552
15523.11301552
15524.34301552
15524.53501552
15519.69901552
15526.93501553
15522.52201552
15522.69601552
15525.01501553
15523.41901552
15525.18901553
15522.06601552
15527.23801553
15521.22301552
15519.92701552
15524.37601552
15523.68601552
15522.50101552
15525.47401553
15523.06801552
15525.25201553
15525.04201553
15522.10201552
15527.70001553
15521.67901552
15526.11301553
15519.24601552
15524.81401552
15524.68201552
15522.38701552
15521.50201552
15521.97601552
15524.23501552
15523.49101552
15524.28001552
15522.37201552
15524.05201552
15518.79601552
15525.99001553
15522.91501552
15524.40901552
15527.01901553
15519.24001552
15520.75201552
15522.77701552
15527.18101553
15526.15801553
15525.36001553
15522.55201552
15522.39301552
15523.29001552
15521.62201552
15523.24801552
15526.75501553
15519.98101552
15523.18801552
15523.87201552
15522.38401552
15525.50101553
15525.26401553
15525.41101553
15523.07401552
15524.07601552
15524.77201552
15523.96801552
15520.30201552
15523.10101552
15526.87201553
15523.13401552
15523.60801552
15524.80201552
15522.61801552
15523.11601552
15524.50501552
15525.96301553
15522.84001552
15526.77301553
15521.95501552
15521.48701552
15521.61601552
15525.68401553
15523.15801552
15520.94701552
15524.73601552
15523.83601552
15524.40001552
15521.40601552
15523.19701552
15524.57401552
15524.37001552
15522.18601552
15524.52301552
15525.28801553
15520.98001552
15520.67101552
15525.49201553
15525.39301553
15523.28101552
15522.57001552
15527.19901553
15525.27601553
15524.85601552
15521.50501552
15526.24201553
15520.60501552
15521.84701552
15523.79101552
15521.16001552
15524.26501552
15522.31201552
15523.92301552
15526.20001553
15520.16401552
15524.49001552
15526.69501553
15520.63501552
15524.80501552
15523.21801552
15523.75201552
15523.39801552
15524.46301552
15520.03201552
15522.66301552
15520.77901552
15523.73101552
15525.40801553
15526.18201553
15524.81101552
15523.18501552
15519.99901552
15526.80901553
15524.22001552
15523.53601552
15525.57001553
15525.50701553
15524.53201552
15524.93101552
15523.04401552
15520.38301552
15522.95101552
15522.74701552
15520.26001552
15524.70301552
15519.22801552
15522.59401552
15523.91101552
15526.26301553
15525.55801553
15523.17601552
15519.92101552
15520.45501552
15521.05801552
15523.69201552
15518.88601552
15522.71701552
15528.90001553
15525.40801553
15522.12301552
15525.07201553
15526.41601553
15525.57901553
15525.83401553
15521.04601552
15522.42901552
15524.51101552
15522.65701552
15523.80001552
15523.92601552
15525.31801553
15520.98301552
15525.31801553
15523.08601552
15524.73601552
15524.38801552
15524.16301552
15523.71601552
15527.07001553
15521.47501552
15518.60401552
15526.43401553
15523.03801552
15524.22301552
15523.68601552
15525.63301553
15525.56701553
15519.72001552
15521.19901552
15524.02501552
15523.82101552
15521.11501552
15523.85701552
15519.28801552
15525.61201553
15522.84601552
15522.82801552
15522.13501552
15520.39801552
15522.85501552
15526.17601553
15520.34101552
15526.53901553
15521.81101552
15525.94501553
15521.88601552
15524.88901552
15524.80501552
15525.78301553
15519.93601552
15522.63901552
15524.65201552
15523.90201552
15520.80901552
15524.69101552
15527.66101553
15521.76901552
15526.23901553
15523.05601552
15525.12301553
15524.42101552
15524.58001552
15523.75801552
15525.03901553
15522.20701552
15526.65901553
15525.00301553
15527.07601553
15525.22801553
15525.41101553
15518.44801552
15522.08101552
15520.61101552
15519.69001552
15521.75101552
15521.32201552
15525.51601553
15523.38901552
15522.35101552
15522.50701552
15519.61201552
15522.57001552
15526.57501553
15528.05101553
15520.83301552
15521.86801552
15524.25001552
15524.82301552
15516.81001552
15528.13801553
15526.65601553
15526.17901553
15523.51201552
15519.39001552
15521.53801552
15522.22801552
15519.68401552
15527.65501553
15520.62301552
15523.95601552
15523.69801552
15527.90701553
15522.88801552
15521.49301552
15526.80901553
15525.43801553
15521.64601552
15521.69701552
15523.01101552
15521.51101552
15521.38801552
15520.73401552
15521.32801552
15524.28601552
15524.33701552
15522.51001552
15527.19301553
15525.71701553
15521.80801552
15522.80401552
15521.94601552
15524.07601552
15521.70301552
15520.97101552
15524.08201552
15521.87401552
15523.83901552
15523.48201552
15523.85101552
15525.07201553
15520.51501552
15522.82201552
15524.71801552
15522.87601552
15527.16901553
15521.08201552
15522.48901552
15522.29701552
15528.71701553
15521.18401552
15524.27101552
15524.69401552
15520.84501552
15524.59501552
15524.69401552
15520.32901552
15529.35301553
15522.31501552
15526.41301553
15525.84301553
15525.06601553
15528.87601553
15522.16501552
15522.36601552
15524.65201552
15525.44401553
15527.19901553
15526.15201553
15522.30901552
15523.33801552
15521.21701552
15526.19401553
15527.19301553
15526.14901553
15524.88601552
15522.09901552
15525.78901553
15522.37801552
15523.53301552
15522.85801552
15524.39101552
15526.24501553
15526.83001553
15521.09401552
15527.31601553
15525.12001553
15524.60701552
15522.57901552
15523.01101552
15521.92801552
15521.80201552
15520.44601552
15524.30701552
15521.40901552
15523.95001552
15524.96701552
15525.45601553
15519.65401552
15524.00101552
15519.31501552
15527.89501553
15522.44101552
15523.62901552
15524.33701552
15519.16801552
15522.31201552
15521.67301552
15522.24601552
15523.65001552
15519.02101552
15522.15301552
15521.06701552
15515.96701552
15525.60301553
15524.33701552
15520.66201552
15520.44901552
15524.44801552
15522.89101552
15525.45901553
15526.04101553
15523.94101552
15525.67801553
15523.47301552
15525.72301553
15525.18901553
15522.23401552
15521.40601552
15522.48901552
15522.55501552
15519.57901552
15526.89301553
15524.35201552
15522.53401552
15526.04401553
15525.17701553
15525.05101553
15525.08401553
15526.59901553
15524.43901552
15525.16201553
15520.51201552
15523.65001552
15522.70801552
15521.63101552
15522.14401552
15524.06401552
15521.38801552
15524.56201552
15523.69201552
15519.43201552
15524.35201552
15523.80901552
15522.99301552
15522.72301552
15523.66501552
15522.14401552
15525.18601553
15523.09801552
15521.85001552
15520.06801552
15521.55901552
15522.06001552
15524.62501552
15522.21901552
15522.53701552
15525.86701553
15524.23201552
15523.92901552
15528.30001553
15523.72801552
15523.77301552
15524.64001552
15520.77301552
15521.95501552
15528.09001553
15520.92901552
15521.78701552
15522.66001552
15523.71901552
15524.08501552
15523.67401552
15525.96301553
15521.65501552
15523.54501552
15523.67101552
15523.43101552
15526.67701553
15521.14501552
15525.12901553
15523.12501552
15523.95601552
15524.04601552
15522.69301552
15522.42901552
15523.05001552
15524.69701552
15523.13701552
15525.94501553
15521.27401552
15528.13201553
15524.20201552
15525.58201553
15523.22101552
15524.53501552
15524.35801552
15523.55101552
15528.75901553
15524.19301552
15523.64101552
15524.39701552
15524.64601552
15520.76701552
15523.65901552
15523.44901552
15522.61201552
15523.58401552
15524.53801552
15522.73501552
15524.39701552
15524.79001552
15524.67301552
15526.49401553
15524.28601552
15525.59401553
15527.21701553
15522.72601552
15522.17401552
15525.40801553
15527.15101553
15522.11701552
15521.97601552
15523.14901552
15524.40901552
15523.55401552
15525.52801553
15520.47001552
15518.82301552
15524.40601552
15521.01001552
15519.98401552
15519.13501552
15522.31201552
15522.30301552
15526.04701553
15522.35701552
15521.52301552
15522.90001552
15524.04301552
15522.04801552
15521.45401552
15520.10101552
15524.20501552
15525.36301553
15524.95501552
15524.01901552
15521.91001552
15525.51301553
15525.12001553
15524.53501552
15521.74501552
15523.40701552
15530.43001553
15525.79801553
15525.50101553
15523.62601552
15521.70901552
15524.78701552
15526.44301553
15520.37401552
15523.50901552
15524.06101552
15524.53501552
15526.16101553
15524.50801552
15521.77801552
15524.79601552
15524.81101552
15519.31201552
15524.85901552
15525.83401553
15526.87801553
15523.99201552
15525.27601553
15524.44801552
15525.30301553
15522.23101552
15523.67401552
15521.82601552
15524.51701552
15524.75401552
15524.00701552
15521.22601552
15522.19201552
15523.45201552
15524.19301552
15526.77901553
15521.23801552
15521.03101552
15521.55001552
15523.60501552
15522.18601552
15523.86001552
15523.93501552
15522.63301552
15522.22501552
15522.55501552
15521.31601552
15523.05301552
15525.43201553
15524.10301552
15523.18801552
15520.77901552
15524.90401552
15526.94701553
15523.20301552
15522.75301552
15529.52101553
15521.37001552
15523.83301552
15522.97501552
15526.10401553
15525.01201553
15525.00301553
15525.17701553
15525.93001553
15524.13901552
15525.13501553
15528.11701553
15523.17601552
15522.09901552
15521.00701552
15524.08201552
15521.67001552
15522.78001552
15520.17301552
15525.27301553
15523.18501552
15522.90901552
15525.32101553
15525.82801553
15523.67701552
15524.74501552
15525.95701553
15521.16601552
15526.04401553
15522.31801552
15525.45001553
15523.35901552
15522.50101552
15527.14201553
15525.54601553
15524.19301552
15525.20401553
15525.76201553
15525.78901553
15520.23601552
15523.65001552
15525.21301553
15523.91401552
15519.36601552
15521.81101552
15525.58801553
15521.65501552
15523.15201552
15519.09301552
15522.80701552
15522.82201552
15526.85401553
15525.81601553
15525.68701553
15525.11401553
15523.80601552
15524.28001552
15524.07301552
15524.75701552
15523.84501552
15525.01501553
15520.43101552
15524.41801552
15523.55101552
15522.47101552
15523.91701552
15524.13001552
15523.17901552
15525.07501553
15526.96801553
15519.81301552
15523.68301552
15523.20901552
15524.09701552
15525.79501553
15524.56801552
15525.76801553
15525.51001553
15527.30101553
15525.09601553
15524.79301552
15524.48101552
15527.26501553
15523.79101552
15524.11801552
15522.42301552
15520.40101552
15522.99901552
15525.95401553
15523.88701552
15523.27801552
15522.99001552
15522.80701552
15526.22701553
15524.55001552
15522.19501552
15521.93701552
15519.59401552
15525.63301553
15523.44001552
15523.76101552
15521.04301552
15522.82201552
15524.12701552
15521.89201552
15521.91001552
15524.74201552
15522.94201552
15524.37001552
15527.55301553
15524.62801552
15524.87101552
15526.76701553
15524.22601552
15522.87001552
15523.98301552
15529.03501553
15522.98401552
15525.40201553
15520.24501552
15523.22701552
15522.66301552
15529.01701553
15522.70501552
15523.48801552
15524.49001552
15520.00501552
15522.11401552
15522.01501552
15523.43701552
15526.01101553
15523.51201552
15523.61101552
15522.91201552
15524.74501552
15521.65501552
15522.12601552
15523.20001552
15524.25901552
15525.86401553
15523.30201552
15523.03801552
15526.11001553
15523.10701552
15522.02101552
15520.67401552
15522.45301552
15522.27901552
15522.39001552
15520.50601552
15526.68601553
15525.18601553
15523.87201552
15523.49701552
15526.20601553
15520.70701552
15525.33301553
15524.31301552
15522.77701552
15520.42501552
15526.72201553
15527.30401553
15523.16101552
15527.70301553
15526.68901553
15529.09501553
15525.17401553
15522.25801552
15520.63201552
15522.91501552
15523.11301552
15525.23701553
15522.47101552
15523.61701552
15522.87601552
15524.49901552
15519.03001552
15519.44401552
15524.13001552
15527.00701553
15524.54101552
15526.85701553
15524.05201552
15527.73601553
15519.92701552
15528.18301553
15523.16401552
15525.36301553
15523.54501552
15518.31001552
15522.03001552
15521.94001552
15524.98501552
15525.30601553
15523.70401552
15523.54501552
15522.59401552
15525.57001553
15521.33401552
15520.89901552
15522.15601552
15521.82001552
15522.63001552
15525.21901553
15524.10901552
15522.38101552
15525.85201553
15522.97201552
15524.22601552
15522.35401552
15521.73001552
15524.40901552
15520.06801552
15523.13101552
15522.67801552
15521.30101552
15523.74601552
15520.66501552
15521.19601552
15520.86601552
15527.97601553
15523.35001552
15524.29801552
15524.82001552
15522.34501552
15525.85201553
15525.02401553
15524.74801552
15522.22501552
15526.91401553
15522.90301552
15520.01401552
15522.50101552
15519.51901552
15525.27301553
15522.95701552
15526.79101553
15524.44801552
15521.74801552
15523.74901552
15525.03301553
15521.56501552
15521.65801552
15523.47001552
15524.49901552
15527.47801553
15524.51401552
15527.57101553
15524.53801552
15518.96401552
15522.45001552
15524.42401552
15527.17501553
15523.78201552
15521.49301552
15522.31801552
15525.17701553
15525.29101553
15519.28201552
15528.87601553
15521.65801552
15518.79601552
15525.86401553
15526.03501553
15520.59901552
15525.88201553
15523.57801552
15523.62001552
15524.94001552
15521.40601552
15524.07301552
15521.88601552
15524.07001552
15525.42901553
15524.68201552
15522.99601552
15524.83501552
15525.17701553
15525.42301553
15523.52701552
15523.71001552
15529.48501553
15524.54701552
15526.04701553
15526.99801553
15523.50001552
15524.99701552
15522.86401552
15522.45001552
15523.43401552
15525.57001553
15527.60701553
15523.66201552
15527.55001553
15525.78601553
15521.88001552
15523.76101552
15525.44401553
15525.73201553
15527.41801553
15525.49801553
15521.22001552
15526.20901553
15522.19501552
15523.10401552
15521.86201552
15520.94101552
15522.82501552
15525.90601553
15527.71801553
15520.78501552
15524.02501552
15520.09801552
15524.52001552
15522.62401552
15525.74401553
15524.61901552
15523.35301552
15523.50301552
15524.11501552
15527.13601553
15521.67601552
15526.06201553
15522.61801552
15525.22501553
15519.10201552
15523.46701552
15524.29501552
15521.07301552
15525.37501553
15521.65501552
15520.78501552
15521.54401552
15526.05301553
15523.70701552
15527.15101553
15522.29701552
15525.09301553
15522.36001552
15523.68001552
15521.25601552
15524.09401552
15525.78301553
15527.17201553
15523.52101552
15522.23701552
15519.49801552
15523.69801552
15524.02801552
15522.66301552
15521.93701552
15519.87301552
15523.44901552
15526.90501553
15527.09401553
15527.18101553
15523.32001552
15523.17301552
15525.73501553
15520.95601552
15525.87001553
15524.21101552
15526.18201553
15520.93801552
15520.00201552
15523.70701552
15521.33101552
15523.98001552
15521.67001552
15523.47901552
15522.72001552
15523.43401552
15524.58901552
15525.11401553
15525.38101553
15525.29701553
15528.35401553
15525.34801553
15525.73501553
15524.19001552
15521.42401552
15526.76401553
15519.58501552
15523.12801552
15521.98201552
15520.63201552
15523.15801552
15521.85601552
15521.12101552
15522.29401552
15522.57301552
15522.51301552
15520.22701552
15525.68101553
15523.02001552
15525.93601553
15523.67401552
15528.68401553
15524.30401552
15526.65901553
15522.10501552
15522.65101552
15523.94701552
15522.17101552
15523.48201552
15524.28301552
15523.40401552
15524.12701552
15522.34201552
15523.33501552
15524.16001552
15522.50401552
15521.58301552
15522.17101552
15523.24801552
15525.53101553
15522.46201552
15526.53901553
15519.65401552
15521.80801552
15522.24901552
15522.05401552
15521.98501552
15520.17601552
15521.88601552
15523.43701552
15525.45601553
15522.78301552
15527.93401553
15523.83601552
15523.41901552
15523.14301552
15524.95501552
15521.37601552
15521.27101552
15526.67701553
15521.47501552
15524.23501552
15526.57201553
15521.28001552
15523.56901552
15523.48801552
15518.93401552
15522.15601552
15522.01501552
15521.94001552
15522.77701552
15522.72001552
15524.09701552
15524.31601552
15521.97901552
15523.95901552
15522.31801552
15522.50701552
15525.17701553
15525.98101553
15526.86901553
15521.90101552
15524.86501552
15525.91801553
15523.56601552
15523.05601552
15519.74701552
15523.02901552
15521.53801552
15522.96901552
15521.12701552
15522.64201552
15520.41001552
15523.70701552
15524.81401552
15521.14201552
15524.48701552
15528.86101553
15522.15901552
15522.72901552
15521.15401552
15525.40201553
15524.50501552
15522.89101552
15522.31501552
15526.43401553
15524.58001552
15522.11401552
15523.12501552
15520.81801552
15523.87801552
15523.83901552
15521.19601552
15523.44901552
15522.10201552
15522.49801552
15521.79601552
15521.41501552
15524.67601552
15522.10801552
15522.36901552
15519.83401552
15520.76101552
15520.93501552
15520.20901552
15524.48701552
15519.34201552
15522.66301552
15524.61601552
15521.99101552
15523.39201552
15524.48101552
15525.98101553
15522.64201552
15526.38301553
15522.73801552
15523.54801552
15518.92801552
15523.71001552
15524.50501552
15522.11701552
15524.81401552
15526.13701553
15524.04901552
15523.38001552
15521.84101552
15522.77401552
15523.79701552
15524.39701552
15521.27401552
15521.97601552
15520.78801552
15522.66301552
15522.98401552
15525.37201553
15520.23001552
15523.32001552
15527.86201553
15524.36701552
15526.38601553
15525.18901553
15526.76101553
15522.89701552
15526.05901553
15524.92501552
15522.89701552
15520.44001552
15526.36501553
15525.63301553
15522.33901552
15527.29201553
15522.76201552
15523.05001552
15526.14601553
15522.16801552
15523.95601552
15520.93501552
15523.68001552
15524.34901552
15525.12601553
15519.57301552
15522.21301552
15526.47901553
15525.78301553
15519.95701552
15524.54101552
15523.86301552
15521.22601552
15522.35701552
15522.35401552
15523.29301552
15524.84101552
15522.69901552
15523.85701552
15517.02301552
15521.48701552
15525.24001553
15521.34901552
15523.79701552
15525.78001553
15525.18001553
15523.74001552
15523.13701552
15523.09501552
15519.78001552
15522.72001552
15525.00001552
15524.71801552
15524.90101552
15525.59701553
15525.19801553
15521.59501552
15522.74101552
15523.32301552
15522.67801552
15522.75901552
15524.24401552
15522.73201552
15525.99301553
15522.27601552
15523.24801552
15525.95401553
15525.77701553
15524.90701552
15522.16801552
15522.29701552
15519.41701552
15525.70801553
15524.65801552
15525.93001553
15523.12801552
15522.98101552
15521.59501552
15523.82401552
15522.39901552
15523.45801552
15520.27501552
15523.57201552
15522.60901552
15524.19301552
15522.93901552
15522.04501552
15524.82301552
15524.14201552
15522.91201552
15522.42301552
15524.28301552
15525.09301553
15520.54801552
15523.81201552
15524.48401552
15526.31401553
15524.59501552
15525.42601553
15523.32301552
15524.31901552
15523.09201552
15520.18201552
15521.33401552
15525.41101553
15523.03501552
15522.37201552
15525.09901553
15524.20201552
15523.24201552
15523.46701552
15526.05001553
15526.81501553
15524.50801552
15523.44001552
15524.22001552
15520.16101552
15521.59801552
15523.22701552
15523.36801552
15525.84601553
15527.72101553
15521.94901552
15525.34501553
15524.29801552
15523.88101552
15529.37701553
15523.12801552
15518.06401552
15519.83401552
15523.31701552
15523.95901552
15525.69601553
15526.52701553
15521.95201552
15522.80701552
15520.73701552
15522.41401552
15521.38201552
15519.26701552
15524.06401552
15522.65701552
15522.47401552
15525.45001553
15522.80101552
15520.74601552
15523.17001552
15525.77701553
15522.52801552
15525.57001553
15523.81201552
15519.75601552
15523.72501552
15519.48901552
15524.03401552
15521.06101552
15523.74901552
15525.19201553
15520.12801552
15524.12401552
15526.21801553
15524.79001552
15525.47701553
15524.90701552
15522.66601552
15522.67501552
15522.58201552
15524.47501552
15525.86401553
15526.59301553
15525.99901553
15523.85101552
15520.32601552
15523.01101552
15523.62601552
15525.44101553
15526.26901553
15526.92301553
15527.10901553
15526.76101553
15523.82701552
15525.42601553
15525.15001553
15523.50901552
15526.22701553
15529.31101553
15524.19001552
15528.54301553
15522.95701552
15522.88201552
15521.61001552
15522.79801552
15525.18601553
15523.46401552
15522.68701552
15522.97801552
15522.75301552
15519.40801552
15523.66201552
15526.87201553
15524.58901552
15523.04401552
15522.17101552
15522.58801552
15527.78701553
15517.51501552
15524.76601552
15523.11301552
15523.08901552
15522.75901552
15526.23601553
15524.44201552
15517.57201552
15521.85601552
15529.13401553
15525.45601553
15523.09501552
15518.39701552
15523.01701552
15521.76601552
15526.27201553
15526.21201553
15521.59801552
15519.79801552
15522.65701552
15518.63701552
15524.45101552
15521.16301552
15523.03801552
15522.84601552
15523.40401552
15523.72201552
15522.27901552
15522.58801552
15519.54301552
15525.44701553
15523.51201552
15526.43101553
15523.89901552
15523.69201552
15522.99301552
15524.68501552
15521.22601552
15525.02701553
15524.23201552
15526.20001553
15523.50001552
15522.93601552
15523.57201552
15523.80601552
15524.22601552
15520.77901552
15520.71601552
15522.84301552
15519.47101552
15528.36001553
15521.81101552
15525.93601553
15526.14601553
15527.23201553
15523.46401552
15524.71801552
15523.38901552
15522.77101552
15528.18001553
15524.24101552
15524.51101552
15524.67001552
15526.37101553
15525.36001553
15524.01001552
15522.67801552
15522.83101552
15524.61601552
15522.96301552
15526.42801553
15524.61001552
15525.15901553
15520.39801552
15521.22601552
15522.85801552
15522.12301552
15525.02101553
15518.94301552
15526.14001553
15524.25601552
15525.44101553
15528.09901553
15523.07701552
15523.62601552
15522.13201552
15524.22301552
15528.93601553
15525.27901553
15522.92701552
15525.99601553
15525.18001553
15523.48201552
15522.75001552
15522.45601552
15525.07201553
15523.41001552
15523.53301552
15523.69501552
15522.61801552
15524.22901552
15525.00301553
15523.84501552
15523.44301552
15524.86201552
15526.88101553
15526.80001553
15522.04201552
15525.25501553
15523.94401552
15522.69301552
15520.08301552
15523.59301552
15523.09201552
15521.68801552
15527.95501553
15520.29301552
15522.05701552
15527.09701553
15522.32701552
15520.73101552
15524.04301552
15525.95101553
15523.56901552
15519.03901552
15524.55601552
15525.04801553
15523.85401552
15524.53201552
15519.56701552
15528.23701553
15529.88701553
15522.30601552
15521.00401552
15525.38701553
15520.27801552
15530.13301553
15529.30201553
15526.38901553
15524.55601552
15525.02401553
15521.56201552
15523.64101552
15523.46401552
15526.82401553
15519.59701552
15525.81901553
15524.09701552
15522.34501552
15524.33101552
15522.11701552
15525.75601553
15521.60101552
15522.77401552
15525.07501553
15522.72301552
15522.85201552
15523.06201552
15521.08501552
15522.95101552
15518.03401552
15520.67701552
15522.23101552
15521.45401552
15526.45201553
15525.39301553
15524.38201552
15520.25701552
15519.99901552
15524.35501552
15522.57301552
15525.48301553
15525.25501553
15519.65401552
15525.32401553
15528.24601553
15522.14401552
15523.21201552
15520.25701552
15524.02201552
15524.01901552
15520.71901552
15525.46501553
15524.50801552
15525.27901553
15521.52301552
15522.44701552
15523.94101552
15522.15601552
15522.73801552
15525.69001553
15521.99701552
15525.77701553
15519.49801552
15522.89701552
15524.08501552
15521.61001552
15524.47201552
15524.68201552
15525.58501553
15525.38401553
15523.55401552
15526.19401553
15523.71901552
15524.26801552
15524.31301552
15525.86401553
15521.16001552
15523.30201552
15522.56401552
15519.11701552
15524.22601552
15523.04401552
15525.69001553
15521.23501552
15525.01801553
15522.27901552
15522.50401552
15526.61701553
15520.54201552
15520.51201552
15525.43201553
15526.38001553
15522.42901552
15518.59801552
15523.22401552
15521.74801552
15524.17501552
15523.56901552
15521.52601552
15524.61001552
15525.28501553
15523.40401552
15523.43701552
15522.47701552
15522.75901552
15523.98601552
15523.17301552
15525.49801553
15525.58801553
15521.16601552
15526.33801553
15519.12601552
15520.97401552
15523.26601552
15523.43701552
15525.43501553
15518.50501552
15524.89501552
15523.16401552
15525.11401553
15526.44301553
15522.09301552
15522.91201552
15524.43001552
15525.39301553
15522.75901552
15523.81201552
15519.39001552
15524.39101552
15528.34201553
15525.16501553
15524.99401552
15521.31301552
15522.52201552
15523.13701552
15523.92601552
15521.50801552
15521.30101552
15523.17901552
15524.34301552
15528.36301553
15522.67801552
15520.54801552
15522.78601552
15526.97101553
15524.35801552
15523.95001552
15524.23801552
15524.16901552
15522.72901552
15526.38301553
15526.73701553
15525.90901553
15524.45401552
15525.69901553
15518.10601552
15524.48401552
15525.46201553
15520.68901552
15522.35401552
15526.01701553
15521.51101552
15524.39401552
15523.38301552
15525.27001553
15523.50601552
15524.34601552
15523.13701552
15524.73601552
15522.92101552
15524.22301552
15521.37001552
15522.75001552
15524.52901552
15526.54201553
15524.36401552
15526.02001553
15523.20601552
15523.45201552
15524.81101552
15523.77001552
15519.36301552
15521.59801552
15521.61301552
15523.27201552
15520.59301552
15524.76601552
15527.26501553
15526.18501553
15525.00601553
15525.35701553
15519.03601552
15527.57401553
15520.14901552
15520.68601552
15525.75301553
15522.12601552
15519.72301552
15527.00701553
15525.04501553
15524.58901552
15522.69601552
15526.30201553
15523.97401552
15526.43701553
15525.78301553
15525.05101553
15524.39401552
15522.91201552
15526.84201553
15522.18901552
15523.42201552
15528.59701553
15522.58801552
15524.51101552
15522.93901552
15526.47601553
15524.67001552
15523.23001552
15520.54501552
15524.16301552
15523.86301552
15521.05501552
15523.85701552
15522.09301552
15522.65401552
15523.11301552
15522.61501552
15522.90001552
15527.45401553
15525.08101553
15525.95701553
15522.09901552
15521.46901552
15523.03201552
15522.72301552
15519.79801552
15522.04201552
15522.01801552
15518.89801552
15522.76201552
15522.71701552
15521.23801552
15523.84201552
15522.06901552
15523.48201552
15525.68701553
15521.65801552
15522.98401552
15524.58001552
15523.49401552
15520.56301552
15522.62401552
15523.82401552
15523.14001552
15524.53201552
15520.24501552
15527.00101553
15528.44701553
15527.38501553
15526.30801553
15524.08201552
15525.96601553
15524.11201552
15527.00101553
15519.97201552
15520.63501552
15521.31001552
15523.86001552
15525.15901553
15522.34201552
15525.09301553
15523.34701552
15525.88801553
15524.43901552
15524.44201552
15521.63401552
15523.22401552
15521.82301552
15521.95801552
15518.81101552
15521.40001552
15524.17801552
15523.44901552
15520.27501552
15524.97001552
15522.75901552
15522.10501552
15526.13401553
15518.09101552
15523.74601552
15520.56001552
15520.74601552
15527.21101553
15521.87701552
15521.22901552
15521.83501552
15522.70801552
15524.16601552
15524.75401552
15521.79301552
15524.45701552
15520.72801552
15523.59301552
15522.21901552
15522.66601552
15522.40501552
15519.42301552
15522.83101552
15524.06401552
15524.81101552
15522.69001552
15520.43101552
15521.12101552
15520.05001552
15521.59801552
15522.35701552
15526.38001553
15522.75601552
15526.01401553
15524.70001552
15522.19501552
15524.07601552
15523.37701552
15525.56701553
15525.78001553
15522.01801552
15526.59001553
15524.95501552
15522.62701552
15526.75201553
15522.89701552
15522.29101552
15521.00401552
15524.77801552
15522.78301552
15523.84801552
15522.25801552
15523.83301552
15523.27201552
15522.21301552
15525.20401553
15519.37201552
15522.56101552
15522.72601552
15520.96201552
15521.65501552
15522.56101552
15524.82301552
15521.18401552
15527.28901553
15525.76801553
15521.85901552
15522.05401552
15520.99501552
15520.07401552
15521.14801552
15525.27601553
15522.45601552
15529.59601553
15526.12501553
15519.19201552
15526.05001553
15524.29501552
15522.55501552
15522.91501552
15524.12401552
15526.34401553
15524.65201552
15523.29901552
15518.91901552
15524.68801552
15524.96701552
15523.05601552
15523.55101552
15526.41001553
15523.47601552
15524.24401552
15517.29901552
15525.26401553
15520.22701552
15521.94601552
15522.72001552
15522.34501552
15522.15301552
15526.77901553
15522.29701552
15526.51801553
15526.39801553
15520.66201552
15523.18801552
15524.06101552
15523.58101552
15519.14401552
15525.10801553
15522.66301552
15523.33501552
15520.72201552
15522.96601552
15523.46101552
15523.44301552
15523.12501552
15525.09601553
15523.83001552
15520.45801552
15520.19401552
15525.36001553
15523.46401552
15521.03101552
15525.42301553
15524.73301552
15526.98301553
15522.64801552
15520.29001552
15526.77301553
15522.64801552
15520.74001552
15521.26201552
15524.91301552
15520.37401552
15521.52901552
15526.26301553
15518.98501552
15527.30401553
15524.89801552
15523.99501552
15526.41001553
15526.67101553
15522.33001552
15524.17201552
15525.83401553
15524.89501552
15525.34201553
15524.09401552
15525.90601553
15523.29001552
15523.16701552
15520.03501552
15523.50901552
15521.68801552
15526.91701553
15524.17501552
15521.86501552
15526.10701553
15522.21301552
15521.28001552
15519.45901552
15524.04601552
15527.58001553
15524.43601552
15522.11701552
15524.00701552
15522.84001552
15523.33501552
15524.31001552
15520.24201552
15526.98001553
15524.10301552
15525.18901553
15521.53801552
15524.76601552
15523.88101552
15523.50901552
15522.78001552
15522.18301552
15522.68101552
15525.92101553
15524.60701552
15523.39801552
15522.42901552
15525.49801553
15525.63301553
15521.20501552
15524.18401552
15526.32901553
15525.42601553
15529.69801553
15525.75001553
15523.60801552
15524.59501552
15523.08301552
15523.85401552
15523.12201552
15521.22601552
15523.77901552
15522.34501552
15524.97301552
15519.94801552
15525.30901553
15520.50601552
15522.45601552
15525.55501553
15524.14201552
15523.57801552
15519.43801552
15522.77701552
15520.95301552
15524.65201552
15522.35101552
15523.35601552
15521.72101552
15524.78101552
15520.36801552
15527.84701553
15526.18201553
15523.63501552
15528.71401553
15522.50401552
15521.25001552
15524.78101552
15524.25301552
15519.81601552
15524.19901552
15521.53201552
15523.31401552
15523.61101552
15523.68601552
15523.02001552
15519.70501552
15525.23701553
15526.53901553
15527.35801553
15525.90601553
15523.52101552
15526.63501553
15526.22101553
15520.02601552
15524.41201552
15523.49701552
15521.26501552
15525.58501553
15526.87501553
15525.29401553
15525.95101553
15522.51001552
15521.37301552
15522.78301552
15521.03701552
15523.57801552
15520.73701552
15521.65501552
15521.54401552
15524.59201552
15521.05801552
15524.04901552
15526.44601553
15522.80401552
15522.35701552
15522.39601552
15521.85301552
15522.87301552
15520.80301552
15521.10901552
15525.44101553
15521.61001552
15522.39901552
15520.96501552
15525.84601553
15523.16701552
15523.77601552
15523.46401552
15526.75201553
15523.20301552
15524.35801552
15526.04401553
15524.23501552
15522.06301552
15522.70501552
15521.61601552
15524.27401552
15520.47601552
15526.46701553
15524.78401552
15524.53801552
15520.11001552
15521.22001552
15524.33401552
15524.60401552
15523.72501552
15519.26701552
15521.13001552
15523.95001552
15521.18101552
15524.27701552
15525.59401553
15524.82601552
15522.88201552
15522.52801552
15526.16401553
15522.81301552
15528.50701553
15525.61201553
15527.85301553
15524.05501552
15526.98301553
15521.00101552
15521.86801552
15525.95701553
15522.29401552
15524.18101552
15521.04301552
15525.76801553
15525.22801553
15522.63901552
15525.23401553
15526.44301553
15522.76201552
15522.72001552
15524.59801552
15525.05401553
15522.68101552
15522.64201552
15522.10201552
15528.20701553
15521.03401552
15527.37601553
15525.05401553
15523.51501552
15522.30301552
15526.33501553
15525.79801553
15525.51301553
15524.64001552
15526.80001553
15519.70501552
15525.94801553
15523.97401552
15523.77001552
15524.82901552
15523.86001552
15519.72001552
15525.14701553
15527.70901553
15523.06201552
15522.34801552
15525.95701553
15524.56801552
15525.29101553
15522.72601552
15521.30701552
15520.16701552
15524.76001552
15521.06101552
15524.61301552
15519.61201552
15523.50601552
15524.49301552
15521.08201552
15524.13001552
15523.87201552
15523.96201552
15525.21301553
15519.66001552
15523.75201552
15522.34801552
15528.37801553
15520.85701552
15527.72401553
15519.66601552
15524.24101552
15523.07401552
15528.97201553
15524.24101552
15521.18701552
15524.27701552
15522.47401552
15526.44001553
15529.22701553
15527.08201553
15524.07001552
15521.17501552
15525.37501553
15525.10801553
15526.53601553
15526.50001553
15519.73501552
15522.97801552
15524.58901552
15520.87501552
15521.99101552
15521.91901552
15523.34101552
15525.43201553
15522.73501552
15526.87201553
15522.96901552
15522.09901552
15521.08201552
15525.98401553
15525.65701553
15523.71601552
15522.58501552
15524.32201552
15525.31801553
15524.05801552
15524.28001552
15522.04501552
15524.26501552
15523.12501552
15524.36401552
15521.01601552
15522.46801552
15523.37401552
15527.01001553
15523.94401552
15524.55001552
15519.41401552
15523.76101552
15526.86001553
15523.65601552
15524.99401552
15526.94401553
15524.62501552
15525.53101553
15521.57701552
15521.57401552
15526.22701553
15527.18401553
15525.78001553
15523.17301552
15522.63301552
15526.90201553
15523.22701552
15524.34901552
15523.13101552
15525.33001553
15521.51401552
15529.67401553
15524.40301552
15526.71301553
15523.65001552
15528.00301553
15521.28301552
15527.38801553
15527.29201553
15524.96101552
15521.40301552
15523.65901552
15522.87901552
15523.21501552
15523.13701552
15519.58801552
15523.29901552
15523.47901552
15522.45601552
15524.98501552
15524.63701552
15524.68801552
15524.07001552
15523.31401552
15524.96401552
15525.24901553
15523.32601552
15523.65901552
15524.23501552
15526.68601553
15523.21501552
15526.93801553
15524.26801552
15521.10601552
15521.40301552
15522.13501552
15521.94001552
15525.35101553
15519.90301552
15520.14601552
15524.55301552
15521.74501552
15522.24601552
15525.02101553
15522.79201552
15521.00701552
15520.36201552
15521.46901552
15522.21001552
15523.46701552
15525.90301553
15521.66401552
15523.47901552
15521.54401552
15520.33801552
15524.44201552
15523.06501552
15523.89601552
15524.23501552
15524.69701552
15526.80301553
15525.23101553
15523.97401552
15523.45801552
15522.79501552
15520.88401552
15526.86601553
15523.29001552
15522.86401552
15525.16501553
15524.42401552
15521.95201552
15522.82501552
15523.70401552
15523.92901552
15523.60201552
15521.13001552
15521.19301552
15520.28101552
15522.71101552
15522.81601552
15519.54001552
15523.13701552
15522.23101552
15524.06101552
15525.56101553
15526.32601553
15520.96501552
15528.84601553
15523.96501552
15524.13901552
15521.53501552
15523.95001552
15524.87101552
15518.64001552
15524.56801552
15521.72401552
15526.62001553
15522.36601552
15522.70201552
15520.61701552
15526.00201553
15521.58601552
15516.01801552
15522.96001552
15523.68001552
15526.73701553
15525.32101553
15524.69101552
15525.12601553
15524.15401552
15523.04701552
15527.53801553
15525.55201553
15523.03201552
15524.42701552
15525.02701553
15520.21801552
15526.57201553
15522.97801552
15526.94401553
15523.88701552
15519.92701552
15523.22401552
15522.92101552
15523.31101552
15523.07701552
15522.20101552
15522.65701552
15521.82001552
15524.70001552
15524.35801552
15517.52101552
15525.87301553
15523.75801552
15523.59301552
15524.72401552
15523.82701552
15524.86201552
15526.72201553
15524.26201552
15524.20201552
15524.81401552
15525.86701553
15521.61901552
15520.14001552
15525.46801553
15524.40901552
15526.92601553
15523.24501552
15523.30801552
15522.83101552
15519.71401552
15519.76201552
15520.71001552
15521.20801552
15524.37301552
15524.36401552
15526.49101553
15523.95901552
15523.19401552
15523.98901552
15522.03001552
15523.17301552
15524.57701552
15525.81301553
15522.27601552
15522.16801552
15525.31201553
15524.48101552
15522.48301552
15527.13601553
15525.45301553
15521.57701552
15524.10301552
15524.56801552
15525.99601553
15526.58101553
15523.43401552
15523.59901552
15524.73301552
15524.31001552
15527.04901553
15520.98901552
15528.10201553
15523.50601552
15524.80801552
15523.64101552
15524.94301552
15523.46101552
15526.71301553
15527.23501553
15524.16001552
15524.97901552
15524.13301552
15526.18801553
15526.39801553
15527.02501553
15522.59401552
15522.84601552
15522.99601552
15522.87901552
15524.23201552
15522.14401552
15521.67301552
15525.52201553
15525.56701553
15521.09701552
15523.81501552
15526.67401553
15522.11701552
15522.80401552
15520.39501552
15526.52101553
15522.94501552
15521.29501552
15524.11201552
15526.20901553
15524.29501552
15522.06001552
15520.47601552
15524.23801552
15524.12701552
15523.09201552
15526.40101553
15522.96901552
15521.64301552
15523.17901552
15521.60101552
15523.39801552
15521.94901552
15523.98901552
15521.16601552
15522.43201552
15523.45501552
15523.97101552
15524.59501552
15522.90901552
15523.40401552
15519.73501552
15523.02901552
15523.53301552
15522.72901552
15524.85301552
15524.09401552
15525.65701553
15524.66401552
15522.00301552
15526.41901553
15517.32001552
15521.54401552
15526.67101553
15522.32701552
15525.41401553
15526.04101553
15520.18201552
15521.91601552
15524.63101552
15524.61601552
15521.41201552
15522.49801552
15521.15701552
15524.34601552
15524.19901552
15525.39901553
15527.76601553
15520.56001552
15521.16301552
15526.03801553
15522.92401552
15524.03401552
15521.26501552
15526.56601553
15521.74501552
15522.61501552
15522.69601552
15522.28801552
15529.51801553
15521.03701552
15524.79301552
15524.08801552
15524.60401552
15522.80401552
15520.23301552
15525.51601553
15523.81201552
15525.37201553
15521.99701552
15526.31701553
15526.59301553
15523.83901552
15522.42001552
15520.55701552
15526.11901553
15526.89301553
15522.48301552
15526.50301553
15523.02301552
15524.44201552
15524.67601552
15519.82201552
15521.17201552
15527.00701553
15523.28401552
15525.16801553
15523.29301552
15522.56401552
15524.56201552
15525.51601553
15527.12101553
15524.98801552
15520.97701552
15520.93801552
15523.43101552
15525.72601553
15524.43601552
15525.44701553
15521.59801552
15519.90001552
15525.70501553
15521.94901552
15527.99701553
15524.87101552
15524.18101552
15526.23301553
15522.97501552
15524.79301552
15524.26801552
15524.70001552
15522.47701552
15519.91501552
15527.35501553
15526.57201553
15523.86301552
15522.53401552
15524.83501552
15522.49201552
15525.60901553
15527.21701553
15522.33301552
15523.67701552
15524.80201552
15522.58501552
15524.17801552
15522.96601552
15523.03501552
15523.02601552
15521.45701552
15523.77601552
15522.04201552
15524.38801552
15524.77501552
15526.40101553
15526.08301553
15524.03701552
15524.53201552
15525.45901553
15527.54101553
15522.44701552
15525.00601553
15524.88001552
15525.23701553
15524.93101552
15521.94601552
15523.61401552
15523.29601552
15526.58701553
15523.38901552
15522.76201552
15521.32501552
15527.73601553
15527.42701553
15523.96201552
15520.76701552
15522.90001552
15525.05101553
15523.16701552
15522.18901552
15522.30301552
15523.01701552
15525.55201553
15524.45701552
15525.19801553
15523.15501552
15524.50801552
15520.67401552
15524.01601552
15527.46301553
15523.28101552
15522.38701552
15523.52701552
15523.77301552
15519.78601552
15521.87701552
15526.57201553
15521.19901552
15525.06001553
15525.16501553
15523.63501552
15525.42901553
15523.80901552
15523.32001552
15523.36201552
15525.00001552
15526.11001553
15524.57101552
15523.23601552
15522.50101552
15522.91801552
15519.13801552
15526.72201553
15523.29001552
15522.18001552
15521.97901552
15525.94201553
15524.64001552
15522.84901552
15525.38401553
15523.67101552
15523.71301552
15521.82901552
15523.79401552
15526.14001553
15521.72401552
15525.25201553
15521.28901552
15521.94901552
15519.13501552
15522.01201552
15521.12401552
15523.45801552
15524.64001552
15520.46101552
15523.07701552
15526.49701553
15521.20201552
15524.88001552
15524.55001552
15524.77501552
15523.78201552
15531.05701553
15521.84101552
15524.44501552
15521.92801552
15521.69701552
15527.38201553
15522.04501552
15521.88001552
15523.46101552
15524.51701552
15525.32101553
15523.79401552
15524.61901552
15526.23901553
15519.53401552
15520.77301552
15525.43801553
15525.36601553
15525.61501553
15522.84001552
15522.75301552
15526.41001553
15522.86401552
15525.86701553
15523.55101552
15526.72801553
15522.97201552
15526.99501553
15522.72901552
15525.11701553
15524.07601552
15520.14001552
15526.44301553
15523.73701552
15524.39701552
15523.58101552
15525.62101553
15525.36901553
15522.30901552
15524.61001552
15522.11701552
15524.18401552
15523.04701552
15521.65801552
15522.88201552
15523.22701552
15521.73301552
15523.87801552
15524.82601552
15525.92101553
15527.25901553
15518.48701552
15524.55001552
15523.52701552
15521.65801552
15521.84701552
15526.87501553
15524.38801552
15524.10301552
15524.50201552
15525.48301553
15520.05001552
15523.50001552
15522.70201552
15521.15701552
15524.40001552
15524.41801552
15524.02801552
15522.82501552
15526.99801553
15524.41501552
15523.24801552
15524.09101552
15521.82601552
15521.88001552
15523.72501552
15520.15501552
15522.63301552
15522.16801552
15525.09001553
15521.82601552
15523.92001552
15527.79001553
15521.26201552
15524.38201552
15522.30001552
15526.68601553
15524.15401552
15522.39901552
15522.00901552
15524.32801552
15528.11701553
15526.63201553
15523.60501552
15522.93901552
15522.03301552
15521.65801552
15522.73801552
15519.96601552
15526.47301553
15526.12201553
15524.68201552
15524.87401552
15524.64901552
15521.29201552
15522.51901552
15522.19201552
15521.58301552
15525.27001553
15523.31701552
15521.28301552
15524.37301552
15522.56701552
15525.54601553
15523.87801552
15518.48401552
15524.19301552
15524.98801552
15526.16101553
15526.66501553
15524.57701552
15524.59501552
15527.86801553
15524.38801552
15522.11701552
15523.49701552
15524.99101552
15525.90301553
15521.50801552
15525.16501553
15522.16501552
15524.94001552
15525.17401553
15523.83001552
15525.82501553
15522.08701552
15521.27701552
15524.03701552
15523.46401552
15523.98001552
15522.03001552
15524.21101552
15524.84701552
15524.21401552
15524.28301552
15524.22001552
15521.04001552
15525.63001553
15520.44601552
15522.60901552
15528.42001553
15530.17801553
15521.07601552
15523.78801552
15522.37501552
15523.34401552
15522.14101552
15523.30801552
15525.72901553
15523.95301552
15526.66801553
15520.63801552
15525.12001553
15519.84001552
15524.51701552
15526.70701553
15524.50501552
15522.63001552
15526.69201553
15525.13501553
15524.41201552
15525.58801553
15521.41201552
15525.06601553
15518.50801552
15521.85901552
15521.73601552
15518.21701552
15521.48701552
15522.91501552
15525.34201553
15523.07101552
15525.15601553
15523.29001552
15526.49401553
15519.48001552
15523.60801552
15519.90001552
15524.07001552
15527.76601553
15524.08801552
15526.70401553
15524.03701552
15520.06201552
15524.37301552
15521.44201552
15521.34301552
15523.62001552
15525.28501553