75840.02480064
75832.39580086
75822.57080115
75823.43180112
75824.16980110
75817.17980130
75812.02880145
75810.91280148
75809.86580151
25063.66427315
13242.05661598
13249.02861578
31708.80208044
40557.15782384
54586.31841700
75798.41180185
75788.45780213
75792.95180200
75789.77180210
75788.44280214
75785.96780221
75784.08980226
75787.30280217
75799.36880182
75796.77080189
76027.61179520
76033.07479504
75791.43080205
75797.43680187
48831.76958388
18461.79546461
13277.61261495
11025.90268025
11025.97768025
11027.32768021
16933.61950893
24314.47429488
28009.40618773
32436.05005935
37606.09690942
45723.90767401
75807.02180160
75805.99580163
75797.26280188
75803.24180171
75291.93981653
56990.65034727
60499.88524550
47208.20863096
43652.98373406
33923.43801622
27355.46620669
19889.68142320
14722.73657304
8837.16874372
8814.64174438
8808.62674455
8814.06874439
8834.74474379
8815.84774434
9577.48472225
15462.11355160
16942.08850868
18413.84346600
19886.93042328
19893.70142308
21428.33337858
21428.50137857
22107.46435888
21429.08637856
22171.15735704
21366.74338036
21365.50738040
39089.01486642
20624.27340190
14721.86657307
12500.66963748
9548.68772309
8069.44176599
7339.60478715
7355.81378668
7342.13378708
7336.06478725
7335.24578728
7334.09978731
7333.37678733
7332.55478736
8074.01376585
8072.36376590
8072.57676590
10286.41170169
10292.51070152
11024.90068028
10295.03070144
11025.59368026
10290.94170156
9546.72872314
9551.03972302
8810.96374448
8835.49774377
8073.60276587
8076.48276578
7333.88078732
7337.45978721
7338.05978720
7336.73378723
7353.49778675
7359.51878657
7336.24778725
7338.08678720
7339.49378715
7340.79878712
7336.81478723
7359.62978657
7338.34478719
7343.55578704
7337.60378721
7341.69278709
7355.96078668
7362.38678649
7339.00178717
7342.14578708
7338.79778717
7340.37278713
7339.57778715
7343.39678704
7343.24078705
7345.47878698
7357.34378664
7358.39678661
7340.01578714
7340.18378713
7338.14978719
6599.79880861
7337.97878720
6601.77280855
6601.88380855
6600.77680858
6603.85780849
6598.78180864
6598.83280863
6601.20280857
6599.95180860
6604.46680847
6617.26180810
6619.98880802
6597.82780866
6621.62980797
6597.90580866
6619.46980804
6614.48380818
6618.92380805
6596.05480871
6598.47580864
6596.91880869
6600.74380858
6600.13780860
6601.47880856
6598.73980864
6599.72080861
6598.23880865
6600.95380857
6602.65180852
6615.97780814
6615.87580814
6601.17280857
6598.73380864
6601.09180857
6599.79280861
6598.48780864
6595.97980872
6597.29680868
6596.19880871
6600.04180860
6596.49280870
6601.08280857
6596.05780871
6615.11980816
6592.73680881
6595.59580873
5858.16883011
5862.28182999
5871.01482974
5860.59583004
5856.49183016
5859.09283009
5859.39583008
5860.66783004
5869.66782978
5874.15882965
5854.98583021
5857.69783013
5859.84583006
5873.41482967
5859.13183009
5856.44683016
5856.42883016
5858.35183011
5857.52083013
5875.56882961
5869.85982977
5861.65483001
5871.70182972
5858.84983009
6593.89180878
5860.21783005
6611.38480827
5872.47882970
6611.36380827
6600.38380859
6594.98980875
6598.08880866
6594.44080876
6614.28880819
6611.05780828
6614.83480817
6609.98680831
6601.87780855
6596.24080871
6597.46180867
6610.65280829
6601.13380857
6595.17280874
6602.39380853
6611.72980826
6614.29480819
6593.77480878
6597.47980867
6593.31880879
6597.48580867
6594.58480876
6595.65880873
6597.14380868
6596.89180869
6595.30480874
6597.05680869
6592.33180882
6596.18680871
6592.83580881
6600.84280858
6596.19880871
6617.51980809
6594.42880876
6596.91280869
6597.83080866
6598.82680863
6593.77480878
6599.88280860
6595.16980874
6597.71380867
6593.19280880
6598.01980866
6598.77280864
6600.11380860
6600.54880858
6614.04880819
6595.65280873
6597.85480866
6596.52580870
6598.22380865
7334.24978731
6595.78480872
7332.11978737
6595.15780874
7335.64178727
6596.20780871
7332.89678735
6596.20180871
7333.32278733
6598.04080866
7335.78578726
6615.38380815
7333.99778731
6615.51580815
7337.70878721
7337.11478722
7336.20278725
7336.58978724
7335.07178728
7336.60178724
7337.16278722
7342.07078708
7338.16478719
7340.76278712
7333.57178733
7341.63578709
7336.83578723
7339.93478714
7338.43778719
7339.93478714
7336.38878724
7341.79178709
7338.98678717
7343.57078704
7338.23378719
7339.58078715
7339.89278714
7342.99178705
7340.70578712
7339.83278714
7341.56378709
7342.78178706
7340.20478713
7360.55978654
7336.90178723
7340.87078711
7357.00778665
6599.86180860
7335.08978728
6599.09680863
7339.88078714
6600.61780858
7339.82678715
6604.33180847
7338.46478718
6600.27580859
7338.23978719
6615.97480814
7357.69178663
6599.13280863
7338.34478719
6599.54980861
7336.73978723
6602.84380852
6597.65080867
6597.67180867
6596.59780870
6602.50180853
6598.27180865
6601.18180857
6601.21480856
6597.58780867
6596.66980870
6597.25180868
6599.36680862
6601.98280854
6618.49480806
6603.01780851
6617.78380808
6596.84980869
6596.99680869
6597.44980867
6595.39780873
6599.61880861
6595.48180873
6599.22880862
6598.52680864
6613.01380822
6597.41980867
6615.08380816
6596.97880869
6597.05380869
6599.18980862
6614.01280819
6594.86680875
6596.36980871
6598.91680863
6596.43880870
6593.41780879
6595.45480873
6612.55780824
6613.70380820
6613.07380822
6596.76580869
6595.23280874
6597.42580867
6595.90480872
6597.95980866
6593.22880880
6598.52380864
6611.24980827
6598.74880864
6595.58380873
6595.36480873
6597.52480867
6603.05080851
6611.12080828
6597.25180868
5857.46383013
6597.70780867
5858.55583010
6598.15780865
5872.84782969
5874.62382964
5857.21183014
5861.13283003
5860.60783004
5860.93783003
5856.41083016
5857.92283012
5857.56883013
5858.64283010
5856.36283017
5861.04283003
5859.18883008
5876.81082957
5861.54683002
5860.12483006
5859.26683008
5860.76983004
5858.44483011
5858.87083009
5861.88883001
5861.57383001
6594.74380875
5860.97083003
6598.08280866
6598.13380865
6597.34780868
6596.27380871
6594.17680877
6598.28080865
6599.36680862
6600.43480859
6600.85780858
6595.68580873
6595.48480873
6597.60580867
6595.36780873
6600.64480858
6597.08980868
6597.86680866
6593.48080879
6598.15780865
6616.38280812
6599.13880862
6595.37680873
6597.39880868
6597.16180868
6598.31380865
6597.92980866
6599.54680861
6595.63480873
7338.79778717
6614.01280819
7337.14778722
6617.93680808
7336.28078725
6596.03680871
7336.93778723
6594.77680875
7336.54778724
7331.97578737
7336.05278725
7333.33178733
7337.28278722
7334.23778731
7341.99278708
7333.28378733
7339.17878716
7336.43978724
7340.56178712
7336.67378724
7339.58378715
6617.89780808
7341.30878710
6598.76980864
7336.84178723
6598.00480866
7338.69278718
6600.07180860
7341.38378710
6600.86980857
6602.56480853
6602.21080854
6602.60680852
6600.49180859
6604.38280847
6618.33280807
6601.96780854
6600.50080859
6602.51680853
6595.87780872
6601.16980857
6601.63780855
6601.00780857
6596.95480869
6600.16780860
6597.69280867
6600.51880858
6614.86480817
6614.91580817
6597.36280868
6605.00080845
6595.83580872
6600.80980858
6596.58880870
6603.78280849
6597.86680866
6601.42180856
6596.16580871
6599.30980862
5860.87783003
6600.34480859
5860.84783004
5862.80082998
5860.86283003
5877.44082955
5859.39283008
5865.66582990
5861.92183000
5864.72682992
5877.11682956
5861.89483001
5860.31383005
5862.38382999
5874.72882963
5862.02083000
5859.81883007
5864.36682993
5858.40283011
5860.81783004
5860.45783005
5860.94383003
5875.40682961
5863.85982995
6597.71680867
5862.48282999
6596.36680871
5863.11282997
6599.20780862
6615.40480815
6596.89180869
6601.19680857
6592.79680881
6598.46380864
6592.88980881
6598.89580863
6593.99680877
6598.24780865
6612.14980825
6595.71880872
6594.90280875
6595.29880874
6593.21080880
6597.53680867
6593.88580878
6599.11780863
6592.43080882
6594.73780875
6597.01180869
6595.95280872
6597.97780866
6600.70180858
6595.49680873
6598.48180864
6594.48280876
6596.63380870
6596.40880870
6595.66180873
6597.07180868
6596.99080869
6595.28380874
6598.44880864
6615.12880816
6596.92480869
6597.86080866
6595.34980873
6594.98680875
6598.05580866
6598.60480864
6613.95280820
6618.74080806
6616.14580813
6594.59680876
6602.50180853
6595.82080872
6599.45380862
6596.08480871
6613.30480821
6595.87780872
6596.61880870
7335.14078728
6597.70180867
7333.10078734
6597.47680867
7334.42978730
6595.29880874
7335.35078727
6615.45280815
7336.86278723
6614.05480819
7333.08578734
6617.27080810
7332.71978735
6595.47580873
7333.73678732
7352.10278679
6594.07480877
7338.98078717
7333.49078733
7336.78178723
7336.67678724
7339.28678716
7336.80878723
7337.79578720
7336.04678725
7336.91678723
7335.24878728
7335.94778726
7334.59778730
7334.79278729
7333.73978732
7337.64878721
7333.91078732
7334.61878730
7334.17778731
7335.20078728
7333.86278732
7335.25178728
7334.56778730
7337.03078723
7334.59178730
7337.04278723
7336.17878725
7337.08178722
7337.67578721
7337.44178721
7352.04878679
7341.04178711
7334.67578729
6597.82780866
7336.39478724
7339.77578715
6597.84280866
7359.31778658
6599.13880862
7342.18778708
6595.10380874
7340.24678713
6619.23580804
7340.59778712
6616.85080811
7343.78078703
6616.25080813
7346.70878695
6598.70080864
7343.87978703
6599.09080863
6604.35580847
6603.77380849
6603.70180849
6599.65480861
6621.49480798
6598.35880865
6602.71180852
6616.57180812
6617.78680808
6597.96280866
6600.09580860
6596.40880870
6600.66880858
6615.24280816
6617.25880810
6616.35280813
6614.27080819
6598.81780863
6600.47080859
6599.02180863
6601.21180856
6604.71580846
6618.70780806
6616.28080813
6615.08380816
6600.09280860
6600.63580858
6598.36480865
6602.51680853
6598.35880865
6605.88280843
6601.77280855
6605.32480845
6600.62680858
6619.27780804
6599.11480863
6601.26880856
6597.38080868
6598.22680865
6598.28080865
6605.25280845
6600.31480859
6598.62280864
6598.76080864
6598.86280863
6597.81880866
6596.37880871
6600.93580857
6618.23080807
6595.88380872
6598.24180865
6596.59480870
6598.97380863
5857.45183013
6598.76380864
5857.62283013
6602.96980851
5855.88283018
5858.57683010
5856.99883015
5858.71783010
5855.74183018
5857.42483013
5855.86783018
5860.78783004
5858.09383012
5860.66183004
5857.16683014
5859.93583006
5855.56483019
5861.09983003
5855.46883019
5874.11682965
5858.39383011
5856.79183015
5855.42083019
5859.22183008
5854.34983022
5858.16283011
6594.13180877
5857.29283014
6595.78780872
6616.97380811
6611.39980827
6614.50780818
6610.38280830
6616.41880812
6594.95680875
6600.05680860
6595.54480873
6600.25180859
6596.09080871
6598.03780866
6596.50780870
6601.21480856
6611.78980826
6598.22980865
6595.04080874
6597.47380867
6595.43080873
6597.83380866
6594.47980876
6599.73580861
6593.81980878
6596.79880869
6595.56580873
6599.39680862
6596.77180869
7358.44178661
6616.07380813
7337.15378722
6613.16680822
7336.63178724
6594.76180875
7336.89578723
6615.08380816
7337.82578720
7336.22678725
7339.27178716
7333.52078733
7341.91778708
7356.32078667
7356.59978666
7334.43278730
7339.52378715
7333.46678733
7339.50878715
7352.94278676
7337.00978723
6594.80380875
7336.85078723
6597.28180868
7336.89278723
6594.63880876
7339.40978716
6597.83980866
7357.97078662
6611.03980828
7336.33178725
6593.97280877
6596.60080870
6596.43580870
6599.69980861
6600.50080859
6596.79580869
6616.78780811
6600.87280857
6617.01880811
6599.24980862
6594.06280877
6600.47380859
6596.09380871
6617.94880808
6615.42280815
6601.78480855
6603.65680849
6616.96780811
6597.23380868
6602.62780852
6597.35080868
6597.80680866
6599.11780863
6600.54880858
6598.31680865
6603.06880851
6597.86080866
6603.08080851
5875.84782960
6601.27180856
5863.35882996
5880.20382947
5861.86783001
5862.94482997
5862.73782998
5864.33082993
5859.07483009
5861.73883001
5859.85483006
5859.70783007
5856.69583016
5862.38982999
5860.80883004
5859.11983009
5859.23683008
5866.33182988
5861.35183002
5879.57982949
5860.52983004
5877.97482954
5876.26182959
5876.63082958
6596.24380871
5865.76482989
6617.05780811
5877.59982955
6615.43480815
6603.65080849
6612.24280824
6603.23980851
6597.99280866
6604.81180846
6618.14680807
6604.50280847
6598.34680865
6604.40980847
6599.88580860
6600.51580859
6596.95180869
6605.10880845
6596.20780871
6599.52880861
6598.28980865
6601.39780856
6600.01480860
6602.72080852
6614.09080819
6598.23880865
6594.76780875
6600.20980859
6599.17480862
6617.90080808
6593.75680878
6599.84680860
6595.45180873
6619.64980803
6594.42880876
6597.17380868
6593.96980877
6598.87180863
6592.21780883
6597.18280868
6594.41980876
6616.46980812
6594.01480877
6595.22080874
6596.46580870
6600.28180859
6614.23480819
6611.89480826
6613.00180822
6598.13080865
6593.51680879
6595.13380874
6592.91980881
6596.07580871
6590.46880888
6598.41880865
7334.76278729
6615.59980815
7334.40578730
6595.14880874
7333.52378733
6597.41980867
7354.09778673
6603.27880850
7336.43678724
6615.08080816
7335.59378727
6600.21280859
7354.49678672
6612.10180825
7354.79378671
7335.85478726
6613.98280819
7336.13078725
7333.26878734
7334.93978729
7335.06878728
7337.03078723
7336.56578724
7341.27878710
7335.14378728
7355.99378668
7333.85978732
7337.38478722
7332.25178736
7339.92578714
7333.58378733
7336.91378723
7334.80778729
7337.45678721
7336.00178726
7337.00078723
7334.55278730
7335.35678727
7351.11878682
7337.53778721
7337.37578722
7337.41178722
7337.57678721
7354.16078673
7354.84478671
7337.13578722
7336.85678723
7338.03878720
7335.26378728
6598.42480865
7336.99478723
7336.72178724
6595.67380873
7338.49778718
6609.72280832
7338.67478718
6597.95980866
7338.90878717
6595.01080874
7337.84978720
6594.70180875
7336.39778724
6595.43680873
7335.84278726
6595.22980874
7337.92178720
6595.38280873
6593.24680880
6596.61880870
6598.43980865
6599.06980863
6599.09380863
6595.27180874
6601.79680855
6596.13880871
6616.93480811
6597.80680866
6598.61380864
6595.88980872
6600.22780859
6598.73380864
6604.10380848
6594.73780875
6603.32680850
6602.46280853
6599.85580860
6598.76980864
6598.55980864
6602.16280854
6604.26880848
6603.18880851
6602.58580853
6599.21980862
6602.47780853
6602.69380852
6620.19280801
6601.36180856
6601.82080855
6596.61280870
6603.47080850
6598.56880864
6617.45680809
6597.84880866
6598.94680863
6598.13680865
6601.65880855
6596.94580869
6603.18880851
6599.17780862
6601.24780856
6596.05180871
6604.85680846
6596.63680870
6605.69080843
6614.91280817
6601.39780856
6598.88680863
6602.20480854
6597.86680866
6597.84280866
5862.54582999
6601.10980857
5859.18283008
6598.54780864
5862.00883000
5862.18283000
5860.76083004
5861.60683001
5859.23683008
5864.02782994
5861.06083003
5862.41682999
5858.94883009
5863.53282996
5860.37083005
5863.35282996
5859.53683007
5875.92582960
5872.87482969
5860.82383004
5858.21683011
5861.18983003
5854.76683021
5876.43282958
5858.30683011
5860.32583005
5855.46883019
6594.61480876
6592.33780882
6594.69280875
6595.46680873
6595.51180873
6594.06580877
6596.81980869
6613.24480822
6594.34180876
6591.54880885
6594.89680875
6591.77680884
6597.14380868
6592.66480881
6595.68280873
6593.13880880
6596.76280869
6595.83280872
6599.63080861
6608.90080834
6598.39780865
6591.69580884
6598.99780863
6595.78780872
6616.29580813
6611.48080827
6614.82580817
6593.51680879
7333.94078732
6594.26080877
7337.29178722
6592.10680883
7337.27678722
6596.78980869
7354.54478672
6611.58880826
7337.99078720
7335.11678728
7336.85978723
7333.67078732
7339.87178714
7352.44778678
7357.09178664
7335.57278727
7337.15678722
7353.99578673
7336.81478723
7356.69278666
7355.99078668
6596.69980870
7338.96578717
6597.35380868
7338.93878717
6595.74880872
7334.27678731
6597.51880867
7339.48478715
6616.19980813
7337.13278722
6610.78180829
6615.23680816
6611.02780828
6600.37480859
6596.51380870
6600.70180858
6596.25580871
6600.23980859
6597.18280868
6598.48180864
6597.28180868
6597.91180866
6595.38280873
6600.09280860
6597.90880866
6611.95480825
6600.59980858
6615.41980815
6597.51880867
6598.46680864
6598.08880866
6601.62280855
6613.43380821
6601.79080855
6598.94380863
6615.18280816
6595.32580874
6600.81880858
5858.36383011
6596.20180871
5857.96783012
5861.99083000
5859.95683006
5862.64182998
5873.71782966
5862.51882999
5859.89383006
5877.41682955
5858.57083010
5859.91783006
5872.68882969
5861.82883001
5858.26783011
5864.61282993
5858.95183009
5877.13782956
5859.31783008
5861.43583002
5858.86483009
5862.85482998
5860.85983004
5861.06983003
6599.68180861
5863.39482996
6616.25080813
5879.94282948
6599.85880860
6604.48480847
6605.07880845
6620.77480800
6599.96680860
6601.01380857
6603.68980849
6618.57580806
6597.16180868
6602.74180852
6614.92180817
6616.12780813
6597.99580866
6598.07080866
6596.58580870
6600.25480859
6597.67780867
6602.38780853
6613.68880820
6601.87780855
6602.96380851
6602.66980852
6599.81680861
6602.67280852
6613.95880820
6616.16980813
6597.57280867
6602.79880852
6602.40280853
6600.71080858
6597.32080868
6599.00380863
6596.02780872
6600.26380859
6599.65180861
6598.83580863
6599.33680862
6598.51480864
6598.25680865
6599.66980861
6600.58180858
6616.69780812
6598.79980863
6598.15180865
6598.58680864
6604.72480846
6596.70580870
6599.67280861
6599.90680860
6599.88280860
6598.14580865
6598.72480864
6596.57380870
7335.59978727
6596.48080870
7335.42278727
6597.15580868
7357.11278664
6594.42280876
7355.61578669
6614.44780818
7337.36678722
6595.19680874
7340.62478712
6596.32180871
7336.87178723
6596.93380869
7332.52478736
7333.82378732
6595.96180872
7330.95878740
7335.48278727
7330.35578742
7334.34578730
7332.81578735
7336.03778725
7350.09278685
7352.72078677
7331.59178738
7336.71278724
7332.31778736
7352.51678678
7352.13578679
7352.57978678
7334.21678731
7335.04478728
7352.46578678
7356.57878666
7349.61878686
7337.24378722
7330.78778741
7333.74578732
7334.72678729
7354.94678671
7353.42878675
7334.52878730
7333.91678732
7335.52778727
7335.38978727
7337.76578720
7332.79778735
7338.80978717
6610.40680830
7358.35478661
6616.04380813
7335.64778727
6591.29380885
7335.57878727
6594.52180876
7336.56578724
6593.78380878
7338.98978717
6592.70080881
7335.79178726
6612.65080823
7337.43578721
6594.39580876
7340.27078713
6615.21880816
6598.08280866
6595.21180874
6599.79880861
6598.32880865
6599.93980860
6596.33680871
6597.38680868
6599.16580862
6614.09980819
6597.59680867
6599.37880862
6593.25580880
6600.55480858
6595.05880874
6598.02280866
6596.55280870
6594.92080875
6595.99780872
6596.25280871
6594.95080875
6595.42480873
6595.57180873
6600.73480858
6596.04280871
6597.35680868
6597.51880867
6614.45680818
6594.93580875
6599.64280861
6596.81980869
6596.88880869
6597.60880867
6597.94780866
6595.19680874
6602.28880853
6592.90180881
6598.46980864
6598.18180865
6621.41980798
6614.73280817
6605.57980844
6599.91880860
6599.91580860
6599.05180863
6599.27680862
6601.47580856
6599.83180860
6597.98680866
6606.62680841
6598.70680864
6600.26380859
6598.53580864
6600.43780859
6597.43780867
5865.34482990
6601.44280856
5879.12682951
5875.73082960
5879.87682948
5873.60982967
5878.47582952
5873.45382967
5875.86282960
5875.68282961
5876.45082958
5876.54682958
5874.85782963
5869.14582979
5873.16282968
5871.01182974
5874.38682964
5873.62482966
5875.48482961
5873.12682968
5875.37682961
5873.71182966
5875.94682960
5872.65882969
5873.79282966
5874.61182964
6617.72680809
5870.22282976
6617.18980810
6611.55880826
6613.74280820
6615.92980814
6616.01080814
6614.36680818
6615.68080815
6616.39480812
6617.38780810
6614.23480819
6616.05280813
6616.21780813
6615.64480815
6614.75680817
6614.76280817
6614.13280819
6615.97780814
6612.16180825
6613.07680822
6613.63180820
6614.03980819
6611.21080827
6615.54880815
6610.46380830
6613.62280820
6609.82780831
7359.36578658
6610.77280829
7360.43678655
6610.93480828
7354.77278671
6612.19480825
7352.86478677
6613.71580820
7355.24378670
7350.33278684
7351.88378680
7351.18178682
7355.50478669
7349.60678686
7354.12478673
7351.35278681
7355.11178670
7352.42078678
7353.38078675
7350.96578682
7352.47178678
6609.23380833
7354.05878673
6608.11780836
7356.35978667
6609.71680832
7354.66478671
6609.78580832
7353.66578674
6614.40580818
7358.36978661
6611.21380827
6613.54480821
6609.11080834
6610.85680829
6612.52780824
6614.06680819
6614.71480817
6616.26280813
6613.10680822
6612.23980825
6612.97480822
6612.26380824
6611.68780826
6612.83980823
6611.67880826
6614.16580819
6611.53180827
6613.34380821
6608.14780836
6611.24680827
6610.47580830
6612.76480823
6607.72180838
6611.28880827
6609.72580832
6616.63780812
6611.52880827
6616.31080813
5868.86382980
6611.86780826
5868.37782982
5872.12482971
5870.45082976
5871.81582972
5871.09582974
5870.54382975
5870.33982976
5874.46182964
5872.24482970
5872.57482970
5872.36482970
5875.19682962
5870.56182975
5872.20582971
5871.49182973
5873.42382967
5869.19982979
5872.19382971
5867.12382985
5876.49882958
5870.51682976
5875.37382961
6610.67080829
5873.94282966
6608.38480836
5873.66682966
6616.56580812
6612.80980823
6612.05380825
6615.39280815
6613.10680822
6616.38580812
6611.90980825
6617.18680810
6613.79980820
6617.00980811
6610.19980830
6613.45780821
6611.35780827
6616.07080813
6617.14180810
6614.43580818
6614.97280817
6619.61680803
6614.94580817
6621.62680797
6615.94180814
6621.06280799
6619.17580804
6618.74680806
6614.38480818
6619.96780802
6614.26180819
6621.69280797
6616.38580812
6617.84980808
6616.04680813
6617.07280810
6612.93580822
6616.86880811
6616.06180813
6614.66680817
6612.30280824
6614.86180817
6612.74980823
6617.04280811
6614.27980819
6614.01880819
6613.26880822
6623.18680793
6614.25880819
6614.90080817
6613.09180822
6616.00180814
6619.16080804
6618.97480805
6616.42780812
6616.72480811
6617.07580810
7359.82178657
6612.11680825
7357.25378664
6614.81080817
7361.41178652
6616.16380813
7360.17278655
6612.60880823
7359.59978657
6614.71780817
7358.61578660
6615.69880814
7357.08878664
6611.79280826
7357.95578662
7358.04278662
6617.01280811
7357.53278663
7360.26578655
7354.83878671
7360.46978655
7353.70178674
7358.87978659
7356.03578667
7359.58178657
7356.48578666
7355.53478669
7350.81878683
7355.75378668
7355.18078670
7356.10778667
7355.39378669
7352.40278678
7355.45678669
7352.81678677
7353.43778675
7353.23378676
7352.18378679
7351.57778680
7349.97578685
7352.23778679
7352.58578678
7353.85178674
7353.17978676
7357.12478664
7353.74978674
7354.86578671
7355.84678668
7354.70978671
6609.96880831
7354.40978672
6606.47080841
7353.75578674
6609.00580834
7352.86178677
6610.51180830
7354.67078671
6609.17080833
7354.14278673
6609.43180833
7353.84278674
6612.13780825
7356.37178667
6614.45980818
7353.68378674
6612.77680823
6614.32480818
6612.75880823
6610.97980828
6608.54980835
6613.49080821
6611.79880826
6616.64080812
6611.67580826
6613.59880821
6610.78480829
6615.09580816
6612.08980825
6616.74880811
6612.02380825
6614.35780818
6614.15680819
6614.41480818
6610.91680828
6612.20080825
6608.48080835
6613.89880820
6614.36080818
6612.94180822
6608.02180837
6611.41480827
6611.97580825
6612.47680824
6608.48380835
6616.67680812
6610.05580831
6613.61380821
6609.55780832
6614.93680817
6611.01580828
6612.41080824
6610.11280831
6609.88780831
6611.98480825
6614.51680818
6607.86280837
6616.60780812
6610.97380828
6611.33980827
6608.66380835
6616.46680812
6609.59680832
6611.76580826
6615.74980814
6616.51180812
6611.06980828
6615.40180815
6610.16980831
6611.59780826
6608.83780834
5873.24682968
6615.39880815
5875.09482962
5870.88582974
5873.05182968
5875.10682962
5872.70982969
5871.12882974
5872.36482970
5872.22382971
5877.89982954
5872.23882971
5873.83782966
5874.97482963
5874.31482964
5875.14882962
5873.56182967
5873.63082966
5876.39382958
5875.31382962
5877.47382955
5878.18182953
5877.17982956
5871.67782972
5878.45482952
5873.04282968
6619.52680803
5875.25982962
6619.61080803
6615.41980815
6616.44880812
6613.96180820
6614.39380818
6613.56280821
6613.85680820
6615.58180815
6616.96180811
6610.23280830
6614.12380819
6614.05180819
6614.29780819
6611.78680826
6618.35980807
6614.67880817
6617.39980810
6612.41680824
6611.48980827
6613.35880821
6615.55180815
6613.96180820
6613.54480821
6612.71380823
6616.37380813
6612.49780824
6613.93480820
7353.86078674
6614.14780819
7354.38578672
6617.10580810
7354.96478671
6615.89380814
7353.10478676
6617.57380809
7354.70078671
7357.18778664
7356.11978667
7355.82878668
7355.25578670
7359.10778659
7355.22578670
7357.05878665
7353.83978674
7357.04978665
7355.40878669
7355.49578669
6611.09980828
7354.94378671
6612.45580824
7354.11278673
6610.13380831
7356.64778666
6611.83780826
7354.62278672
6612.20080825
7356.32078667
6612.02680825
6616.79980811
6608.88580834
6615.38080815
6608.39380836
6614.97280817
6608.60080835
6611.14780828
6609.24880833
6614.78080817
6609.24580833
6614.07280819
6611.54980827
6616.34980813
6613.31680821
6614.14180819
6610.28380830
6612.88780823
6614.85880817
6613.23280822
6608.68180835
6610.23280830
6609.72580832
6613.46080821
6607.68580838
6613.19980822
6610.55980829
6613.02580822
5870.72682975
6612.79780823
5869.52082978
5872.32582970
5872.22382971
5870.62782975
5869.83282977
5873.55882967
5871.68082972
5875.06482962
5868.62082981
5872.50282970
5869.86882977
5872.41282970
5870.57082975
5872.28682970
5870.27382976
5870.83482975
5872.65882969
5872.01982971
5871.17982974
5873.12082968
5870.55882975
5871.03582974
5870.69982975
6610.69780829
5871.64182972
6614.30380819
6611.53180827
6614.78680817
6611.82880826
6614.52880818
6609.67180832
6616.47880812
6608.91580834
6612.05380825
6610.09180831
6614.21080819
6611.16880828
6612.92080823
6613.25080822
6611.81080826
6613.43680821
6615.35680815
6610.98580828
6611.85880826
6612.56080824
6610.63180829
6608.06980837
6614.41180818
6607.55680838
6613.93780820
6608.60980835
6615.16480816
6608.40880836
6611.47480827
6608.92180834
6610.49080830
6610.09180831
6616.76380811
6612.26980824
6613.82380820
6612.57880824
6614.27680819
6614.43580818
6616.85980811
6612.34180824
6612.55180824
6613.54780821
6611.94280825
6613.07080822
6617.02180811
6613.32280821
6616.39480812
6612.27280824
6616.10380813
6611.07580828
6617.21680810
6613.12780822
6617.59180809
6616.29280813
7361.06978653
6613.14580822
7363.69178645
6619.10380805
7359.64778657
6614.49880818
7358.51078660
6614.63980818
7360.28378655
6612.11380825
7360.35278655
6612.87880823
7357.64978663
6616.55980812
7359.51278657
7354.87778671
6615.92380814
7355.35478669
7356.34478667
7353.44078675
7357.77578662
7356.51878666
7358.86478659
7356.35378667
7357.79378662
7355.49878669
7357.97378662
7354.17578673
7354.35278672
7355.65778669
7355.72378668
7355.83478668
7356.58478666
7351.52378681
7356.89978665
7352.79878677
7355.67578669
7358.09378662
7360.18178655
7357.13678664
7359.10178659
7358.13278661
7359.46478658
7355.68178669
7358.00078662
7355.19578670
7358.31578661
7357.70678663
7359.95378656
6612.85180823
7356.46778666
7352.47178678
6617.41780809
7354.43678672
6618.28480807
7355.51978669
6609.92980831
7349.70578686
6610.99180828
7349.28278687
6615.82180814
7351.45778681
6611.42680827
7353.46478675
6616.28980813
6609.43480833
7351.62278680
6608.62480835
6616.53880812
6610.15480831
6609.04180834
6607.17280839
6609.50080832
6607.81480837
6610.96780828
6608.06680837
6609.99580831
6607.64680838
6612.33580824
6608.63680835
6612.89080823
6607.95880837
6613.08880822
6608.23480836
6611.50780827
6613.69780820
6614.84380817
6611.84980826
6615.51580815
6608.69980835
6614.39980818
6607.55680838
6614.64580818
6612.02980825
6613.34080821
6612.44080824
6613.01380822
6615.68980814
6613.81180820
6609.19480833
6613.20880822
6607.24780839
6612.98380822
6610.28080830
6611.01280828
6613.39780821
6612.72280823
6610.83280829
6611.02480828
6613.50580821
6613.26580822
6609.84280831
6610.89280828
6611.71480826
6611.63980826
6613.29880821
6611.42980827
6611.87380826
6619.08880805
6613.04080822
5874.50082964
6614.72980817
5873.63982966
6610.11880831
5873.63982966
5871.34182973
5873.73582966
5868.82482980
5874.14982965
5872.96182968
5874.45282964
5869.66782978
5874.71682963
5869.27182979
5877.65382955
5871.08082974
5872.97682968
5869.84182977
5872.90182969
5871.82182972
5873.69082966
5871.83382972
5872.25682970
5870.33382976
5871.83082972
5870.72682975
6611.43280827
5871.86682972
6618.38380807
6612.34180824
6614.04580819
6611.09680828
6614.55580818
6612.01180825
6617.87680808
6612.98980822
6613.24180822
6614.28880819
6615.14080816
6616.89280811
6617.99380808
6618.43180807
6615.10780816
6614.56780818
6615.78880814
6611.72680826
6622.90180794
6616.74880811
6616.52680812
6615.44080815
6616.22080813
6617.07280810
6618.70780806
6615.92980814
6618.51880806
7360.23278655
6621.51580798
7357.10078664
6618.21280807
7356.12878667
6617.05780811
7356.57278666
6619.44280804
7356.76778665
7358.78378660
7355.18078670
7358.29478661
7358.08478662
7358.99978659
7356.11678667
7359.86978656
7358.27978661
7357.84178662
7355.40578669
7358.69078660
6614.19880819
7356.77978665
6613.33180821
7357.16678664
6613.40980821
7357.07378664
6611.67580826
7354.93778671
6609.66580832
7357.13078664
6616.64980812
6615.62080815
6613.63480820
6616.36180813
6615.81880814
6617.00080811
6612.58180824
6615.29080816
6612.78580823
6614.57380818
6613.43380821
6619.04680805
6610.30480830
6621.62980797
6612.10780825
6616.73980811
6611.28580827
6616.82080811
6611.96380825
6617.66680809
6613.60780821
6611.21980827
6615.22780816
6616.63780812
6614.02180819
6609.83680831
6617.42380809
6610.68580829
6614.38480818
5871.44682973
5867.06082986
5872.13682971
5867.94282983
5871.75882972
5865.99282989
5869.26582979
5869.40982979
5873.81382966
5872.22382971
5872.71882969
5865.42282990
5869.24782979
5865.90882989
5872.31682970
5868.76482981
5873.24082968
5868.18582982
5870.60682975
5868.46482981
5871.51282973
5870.88282974
5874.79482963
5870.88282974
6617.09380810
5867.98782983
6616.55080812
5872.02882971
6614.73280817
6609.86980831
6614.75980817
6612.97480822
6615.00580816
6611.20180828
6615.92080814
6609.65980832
6612.56380824
6612.70780823
6611.48980827
6611.76580826
6611.93980825
6613.23580822
6613.87480820
6609.87280831
6611.49580827
6614.69380817
6611.26180827
6613.86280820
6612.74980823
6611.89180826
6611.77780826
6616.07680813
6614.27980819
6608.05180837
6610.97680828
6610.09780831
6615.26080816
6616.51480812
6612.40480824
6615.32980816
6614.41780818
6615.17980816
6616.59880812
6613.14580822
6614.09080819
6614.00380819
6618.62680806
6614.18680819
6614.11480819
6610.76380829
6614.57980818
6611.56180826
6611.94880825
6613.18780822
6617.69080809
6610.52680829
6615.96280814
6610.96480828
6612.08080825
6611.69680826
7353.14078676
6613.65580820
7356.62678666
6609.94780831
7358.96978659
6610.02880831
7355.09678670
6611.11780828
7355.21978670
6611.15980828
7355.56778669
6612.44380824
7357.17578664
6615.26080816
7355.44478669
7355.35178669
6614.97880817
7357.80578662
7360.58678654
7355.29178670
7356.58178666
7358.77478660
7359.77978657
7355.19878670
7359.35378658
7357.82978662
7358.15978661
7359.05678659
7360.51778654
7356.45878666
7361.13278653
7357.70678663
7361.40578652
7357.92878662
7357.91078662
7358.61878660
7360.76678654
7357.42778663
7359.36278658
7354.50278672
7357.67378663
7354.34678672
7357.73378663
7355.61578669
7354.89878671
7353.30878675
7360.68578654
7352.65478677
7355.24078670
6611.39380827
7357.59578663
7355.19578670
6619.43380804
7354.95278671
6614.12380819
7355.98178668
6612.37180824
7355.15078670
6618.55480806
7357.54478663
6615.49480815
7353.97778673
6615.55480815
7354.33778672
6612.52780824
6614.05180819
7358.28878661
6611.71480826
6615.24280816
6612.18580825
6615.30580816
6611.33380827
6613.77880820
6613.37680821
6613.28080821
6613.02880822
6614.55280818
6611.05480828
6613.36480821
6613.40380821
6611.46580827
6610.41280830
6612.20980825
6610.27780830
6615.73480814
6612.04180825
6615.78880814
6609.04480834
6615.33580816
6613.88980820
6612.73180823
6612.91180823
6612.93280822
6608.77480835
6612.00580825
6606.84880840
6612.26680824
6608.96680834
6614.30080819
6610.21180830
6614.93980817
6608.62180835
6615.56980815
6608.12980836
6611.96980825
6610.83580829
6611.46580827
6610.52380829
6611.55580826
6611.14780828
6614.77780817
6613.59580821
6610.01680831
6608.87680834
6611.79280826
6606.91780840
6614.09380819
6613.34380821
6618.35680807
6611.60680826
5877.31182956
6615.54580815
5873.74182966
6611.11780828
5872.20282971
5872.15782971
5874.51282964
5870.20182976
5872.38582970
5870.83182975
5873.32782967
5873.01882968
5875.36782961
5872.69182969
5872.96782968
5871.89982971
5873.55282967
5872.42182970
5873.14482968
5870.85582975
5871.73482972
5869.32582979
5874.11682965
5868.08982983
5872.37082970
5869.03182980
6613.55980821
5871.86682972
6614.42980818
6613.84780820
6615.17380816
6610.78480829
6615.55180815
6615.09880816
6613.81780820
6614.06980819
6614.02780819
6610.12780831
6612.83380823
6612.32980824
6612.55480824
6612.50980824
6613.67080820
6613.02280822
6612.30880824
6607.92580837
6616.98280811
6611.71180826
6616.02580814
6610.86280828
6611.15680828
6611.27980827
6612.27580824
6611.34880827
6614.82580817
7351.05878682
6613.21780822
7355.00378670
6616.95580811
7351.61678680
6612.50380824
7351.31678681
6613.67980820
7355.03678670
7356.47678666
7356.82178665
7359.54578657
7355.54678669
7358.04278662
7354.33178672
7355.22278670
7355.05778670
7358.63078660
7358.00678662
7359.52778657
7360.56878654
6616.32280813
7358.73578660
6617.93680808
7357.76978662
6616.87480811
7357.61078663
6621.29980798
7360.04978656
6622.66180794
6614.81980817
6621.15880799
6613.43080821
6617.57380809
6615.81880814
6618.73480806
6612.49480824
6616.62580812
6613.54480821
6614.81680817
6617.98780808
6617.98480808
6616.65880812
6615.00880816
6616.95580811
6616.41280812
6612.29680824
6615.81880814
6613.66180820
6615.70780814
6618.66580806
6615.87580814
6614.10280819
6617.10580810
6613.31080821
6616.28380813
6613.32880821
6616.40380812
6610.61980829
5872.96182968
6615.83380814
5876.07282959
5872.52682970
5873.54082967
5873.27982967
5876.24682959
5871.29682973
5873.59482967
5876.13882959
5874.35382964
5874.86682963
5877.64482955
5875.00482962
5876.59482958
5871.67182972
5875.68882961
5874.41082964
5875.60782961
5871.68982972
5875.88682960
5872.35282970
5872.79982969
5869.16682979
6611.18380828
5869.29282979
6616.55080812
5871.21282973
6616.98880811
6609.70480832
6613.20880822
6611.70280826
6609.81280832
6609.40480833
6610.36180830
6610.56280829
6609.58480832
6610.18480830
6615.95980814
6610.10980831
6610.88680828
6612.11080825
6612.51580824
6609.89980831
6614.78680817
6610.89580828
6609.53080832
6609.80380832
6612.18580825
6612.39280824
6611.01580828
6609.22180833
6613.43380821
6610.19380830
6615.03280816
6611.89180826
6613.88380820
6610.34380830
6612.30580824
6610.75180829
6613.65580820
6612.76780823
6614.95180817
6609.78580832
6616.23580813
6611.73580826
6617.79280808
6611.70280826
6616.22980813
6612.01480825
6612.90580823
6608.02780837
6614.19580819
6611.45680827
6613.10980822
6614.67880817
6613.12180822
6614.68780817
6617.88880808
6610.61980829
7355.85878668
6609.68980832
7354.32878672
6609.72880832
7353.74378674
6610.91080828
7355.30978670
6608.96080834
7355.21978670
6612.71980823
7355.52278669
6611.82280826
7359.02078659
6612.87280823
7356.46778666
7353.09578676
6612.99280822
7349.69978686
7354.50278672
7354.93778671
7355.81978668
7354.13378673
7360.28078655
7352.59478677
7355.30978670
7354.46678672
7357.48178663
7353.65978674
7351.13078682
7351.84478680
7352.61878677
7353.68978674
7359.16778658
7353.37778675
7355.85878668
7351.86278680
7357.47878663
7354.13678673
7354.96778671
7352.57678678
7355.84678668
7352.46278678
7355.57378669
7355.59778669
7359.11378659
7356.21878667
7355.35778669
7356.76478665
7360.85078654
6613.93180820
7358.63678660
7355.84378668
6619.57180803
7358.23478661
6621.38380798
7357.21178664
6617.97880808
7356.02378668
6620.74480800
7357.09178664
6615.57580815
7355.65478669
6617.57080809
7357.33778664
6618.79180806
6612.01780825
7358.03678662
6610.97980828
6616.74580811
6614.72680817
6614.92180817
6614.25280819
6616.06480813
6612.77380823
6616.71880812
6612.36580824
6617.87980808
6619.41880804
6615.71380814
6614.97280817
6616.14580813
6613.85080820
6615.98980814
6609.68980832
6614.45680818
6614.21080819
6614.38180818
6610.90480828
6615.98080814
6615.18280816
6614.63380818
6613.26880822
6615.25780816
6613.69480820
6616.25380813
6611.22580827
6615.02980816
6612.36580824
6615.38680815
6612.30580824
6614.09980819
6611.17180828
6613.24780822
6615.29380816
6612.81880823
6610.76680829
6617.05480811
6612.08680825
6615.20080816
6609.81280832
6611.05180828
6609.33280833
6613.37380821
6607.53280838
6611.36980827
6610.41580830
6613.53280821
6610.38880830
6613.90780820
6613.79380820
5872.58682969
6611.01880828
5875.17282962
6613.90180820
5872.38882970
5869.04082980
5869.44282979
5870.43582976
5873.05482968
5870.42682976
5874.45582964
5867.90382983
5873.70882966
5869.92282977
5870.66082975
5868.92382980
5872.55982970
5868.08082983
5871.97782971
5871.22782973
5874.87882963
5870.43882976
5872.64682969
5871.05682974
5876.11182959
5870.62182975
6614.80180817
5870.69982975
6618.67180806
6609.28180833
6616.85680811
6610.55380829
6617.15980810
6609.74380832
6616.70680812
6613.41280821
6614.20780819
6614.53180818
6613.71580820
6615.54280815
6614.92180817
6614.32180818
6612.78280823
6611.46580827
6611.64880826
6610.24780830
6615.64180815
6611.14780828
6613.61680821
6612.08680825
6612.32980824
6613.68580820
6612.31780824
6608.73880835
6614.68480817
7353.60278675
6610.59280829
7350.80378683
6614.75980817
7353.66878674
6610.79080829
7353.50678675
6613.26580822
7351.94078679
7354.72778671
7354.10978673
7359.67478657
7356.28178667
7359.19178658
7354.31078672
7355.70878668
7354.15478673
7359.00878659
7354.55378672
7356.83078665
7352.18078679
6617.21080810
7352.46278678
6612.07480825
7351.77278680
6611.80180826
7354.83278671
6616.65280812
7353.55778675
6612.23980825
7354.18178673
6616.19680813
6609.19480833
6616.04980813
6611.28880827
6615.15580816
6611.52280827
6618.88180805
6611.25880827
6617.05780811
6612.92080823
6614.97880817
6619.07380805
6618.62380806
6618.60880806
6616.06480813
6613.94380820
6616.73080811
6613.94980820
6618.26680807
6612.67180823
6616.43680812
6615.50680815
6619.47880804
6615.01780816
6623.40580792
6617.40880810
6621.08080799
6617.93380808
5878.63482952
6620.19580801
5878.07082954
5873.15082968
5876.04882959
5872.32582970
5875.13382962
5871.32682973
5874.82182963
5871.83682972
5876.96682957
5872.66182969
5876.70582958
5871.81282972
5877.23382956
5874.23682965
5874.36582964
5871.60882972
5875.47882961
5874.37482964
5876.71182958
5871.14382974
5873.83182966
5872.64982969
6616.01380814
5873.80182966
6614.38480818
5875.42482961
6614.40880818
6619.28080804
6619.11880805
6616.92880811
6615.88780814
6610.55980829
6616.06180813
6615.21280816
6617.06980810
6610.11580831
6613.16980822
6616.10080813
6613.42780821
6613.05880822
6613.96780819
6610.92880828
6614.62180818
6610.30180830
6612.71680823
6611.98180825
6610.91380828
6609.21880833
6609.78280832
6608.90380834
6615.36580815
6609.79180832
6610.92580828
6608.75080835
6611.14480828
6612.88480823
6609.32980833
6605.62480844
6614.27380819
6607.59580838
6610.27480830
6608.78380835
6610.05280831
6608.96380834
6612.44380824
6607.96780837
6611.51080827
6609.14680833
6613.84180820
6610.21480830
6611.50780827
6609.74980832
6613.29880821
6608.03680837
6613.73380820
6611.79280826
6613.16980822
6608.65480835
7353.46778675
6609.85180831
7354.20578673
6610.53280829
7357.77278662
6615.45880815
7357.48778663
6611.63680826
7355.43278669
6611.56480826
7351.22978681
6611.15080828
7358.56178660
6613.47580821
7356.59978666
7351.28978681
6612.58780823
7351.56578680
7355.12678670
7352.26478678
7355.68778669
7352.24678678
7356.05678667
7352.05778679
7356.41378666
7353.02078676
7354.61678672
7352.90978677
7356.16778667
7353.91778674
7355.52278669
7354.86578671
7358.04278662
7353.71978674
7355.03978670
7352.37878678
7357.66778663
7353.36878675
7358.80178659
7354.35578672
7356.22778667
7353.49478675
7355.90978668
7354.27778673
7357.19378664
7351.14878682
7353.10778676
7352.41478678
7354.94678671
6609.50080832
7354.33178672
7353.21578676
6615.46480815
7354.09478673
6619.22080804
7353.10178676
6610.09480831
7353.73478674
6617.23180810
7354.15178673
6615.47980815
7354.15178673
6614.57680818
7354.77278671
6612.69280823
7351.05578682
6613.51480821
6611.04880828
6613.81480820
6612.30280824
6613.77280820
6612.93580822
6617.19580810
6611.54380827
6614.99680817
6610.95280828
6614.24680819
6616.39180812
6618.42280807
6613.07080822
6615.95980814
6617.34280810
6618.54880806
6615.45580815
6615.89380814
6615.09880816
6617.02480811
6616.34080813
6621.68680797
6614.93980817
6623.17480793
6613.04980822
6615.03880816
6613.64680820
6616.47580812
6612.16180825
6615.44980815
6613.72480820
6619.88680802
6612.47380824
6617.05480811
6614.01580819
6614.05480819
6613.97980819
6614.03080819
6617.23180810
6617.03080811
6615.21880816
6616.63180812
6617.72080809
6617.74180809
6611.11480828
6612.56980824
6612.99280822
6614.98180817
6613.37980821
6614.71480817
6612.93280822
6616.56280812
6613.10680822
5876.42682958
6615.88180814
5874.77682963
6612.09880825
5871.99282971
5868.22482982
5875.25682962
5874.79482963
5872.90482969
5870.36382976
5874.09282965
5872.95582968
5873.65782966
5870.41782976
5872.65582969
5870.69982975
5873.20482968
5870.38182976
5874.41082964
5870.96982974
5873.73582966
5868.85782980
5872.88382969
5872.77582969
5872.47282970
5873.40582967
5874.67482963
6614.35480818
6612.38680824
6611.19280828
6611.15380828
6609.55780832
6611.59180826
6608.10580836
6614.47180818
6611.06380828
6613.58680821
6609.68980832
6616.11580813
6611.12380828
6611.28580827
6609.14080833
6610.29880830
6613.77880820
6611.84680826
6609.85780831
6613.49680821
6607.25380839
6612.93880822
6615.33280816
6612.36880824
6612.54580824
6616.13980813
6610.48480830
6614.38780818
7352.96678676
6613.71880820
7351.10078682
6612.57280824
7355.05778670
6611.08780828
7350.61178683
6609.14680833
7351.90478679
7354.47878672
7354.00778673
7355.58278669
7355.96378668
7352.26778678
7353.42578675
7356.26978667
7352.50778678
7353.67178674
7350.87278682
7356.54578666
7353.20378676
6610.78180829
7350.24878684
6612.37480824
7353.06878676
6617.09980810
7351.85678680
6612.09580825
7355.14778670
6616.89280811
7354.22978673
6614.56780818
6613.79980820
6613.05280822
6611.72980826
6613.99180819
6610.40680830
6612.28180824
6610.21780830
6613.33180821
6610.17880830
6613.58080821
6609.09280834
6614.61880818
6611.77180826
6608.95180834
6608.18080836
6611.66980826
6611.05780828
6615.99580814
6611.93380825
6612.51280824
6610.53880829
6612.64480823
6608.75380835
6611.77480826
6611.08480828
6613.79980820
6609.70780832
5873.16582968
6611.03380828
5875.70082960
5873.01882968
5871.80982972
5870.62482975
5875.53582961
5870.24982976
5879.19882950
5871.11982974
5874.23682965
5870.03082977
5874.56982964
5871.64482972
5875.37682961
5871.61482972
5876.28282959
5875.01982962
5876.98482957
5872.94382968
5876.52582958
5876.32482959
5880.44682947
5874.25482965
6618.38380807
5877.99282954
6622.89580794
5871.69882972
6616.66780812
6615.09580816
6615.11980816
6612.19180825
6615.53680815
6612.96880822
6616.85380811
6614.18080819
6614.34280818
6612.85180823
6616.01080814
6612.53980824
6613.58980821
6615.07780816
6619.00480805
6614.69680817
6618.96580805
6618.13480807
6614.66080817
6613.02280822
6622.46980795
6613.46680821
6618.18280807
6615.44080815
6621.83680797
6614.70580817
6619.44880804
6613.81780820
6617.77480808
6614.99680817
6616.75180811
6616.41280812
6614.76580817
6616.82980811
6618.25780807
6617.71780809
6616.03780813
6614.41180818
6616.67680812
6612.51880824
6615.28780816
6608.12680836
6617.18380810
6615.17380816
6611.14780828
6614.34880818
6614.20480819
6613.61380821
6609.51880832
6607.46380838
6614.13280819
6609.48880832
7355.21378670
6609.24280833
7353.25778676
6611.27080827
7354.58978672
6608.45680835
7349.61278686
6608.54380835
7353.28478675
6608.70280835
7355.28278670
6611.40280827
7353.22178676
6608.93380834
7353.82778674
6613.01680822
7356.34478667
7354.97978671
7354.12478673
7349.23778687
7359.28778658
7354.61378672
7355.53778669
7353.00278676
7351.19078682
7352.32778678
7355.00678670
7353.83978674
7359.09278659
7352.22278679
7354.72778671
7355.10878670
7358.51678660
7350.56078683
7355.39078669
7353.59078675
7356.52178666
7353.42878675
7356.25178667
7351.35578681
7355.77178668
7352.26778678
7356.80378665
7352.08178679
7357.39178664
7353.98678673
7357.83578662
7352.23478679
7355.73578668
6610.34380830
7355.76578668
7352.08178679
6611.82880826
7352.51378678
6611.58580826
7357.26578664
6617.78080808
7352.83778677
6613.97380819
7351.48478681
6616.16980813
7355.34578669
6612.83380823
7350.79478683
6612.28780824
7350.33278684
6612.13180825
6609.43780833
6611.58280826
6609.29980833
6614.16580819
6613.82080820
6615.14380816
6609.69580832
6610.68880829
6609.35080833
6613.88080820
6612.46780824
6614.77180817
6613.60180821
6617.56180809
6609.62080832
6611.51380827
6609.35980833
6614.28880819
6613.72180820
6611.81680826
6611.69380826
6615.41980815
6613.26580822
6614.46880818
6610.19080830
6617.18380810
6612.78280823
6613.99780819
6614.59480818
6618.98380805
6613.79680820
6617.03680811
6612.65680823
6616.66480812
6615.22180816
6618.72880806
6614.12380819
6617.60380809
6611.54080827
6615.93280814
6614.63680818
6616.05880813
6614.70280817
6616.83880811
6614.75380817
6621.99280796
6615.72880814
6620.89780799
6617.24080810
6617.39980810
6617.81680808
6613.55680821
6612.88180823
6616.25080813
5871.38382973
6615.53380815
5873.16282968
5874.53982964
5869.24782979
5874.77082963
5874.11982965
5872.34982970
5871.71382972
5874.29982965
5875.59582961
5873.90382966
5869.93182977
5876.66682958
5874.31182964
5873.97582965
5873.06682968
5876.87082957
5872.92282969
5875.11582962
5872.72782969
5875.79382960
5871.71082972
5874.36882964
5872.25682970
5873.51682967
6613.27480822
5874.47982964
6613.79980820
6615.80080814
6614.39080818
6614.75080817
6613.26880822
6614.31880818
6610.77880829
6614.14480819
6612.23080825
6613.87480820
6611.64880826
6613.66180820
6610.66180829
6617.87680808
6610.26280830
6614.69080817
6612.56080824
6609.86080831
6610.73980829
6612.41980824
6609.07780834
6612.03880825
6612.93280822
6613.68880820
6611.10880828
6613.70080820
7354.27178673
6610.18180830
7350.65978683
6612.11980825
7351.83878680
6613.96780819
7350.43478684
6611.76580826
7350.06578685
7353.63278674
7350.37178684
7352.41478678
7350.79478683
7351.73378680
7349.71178686
7351.19378682
7348.76978689
7353.57878675
7351.00778682
7353.41378675
7351.26578681
6613.95580820
7355.85878668
6612.86980823
7353.08378676
6613.13980822
7353.31478675
6617.10880810
7354.26578673
6617.11180810
7355.90978668
6617.22580810
6611.64280826
6617.93080808
6614.38780818
6616.25980813
6611.14180828
6613.65880820
6609.08680834
6616.10080813
6615.55480815
6611.90680825
6608.54980835
6614.34580818
6608.31880836
6617.56480809
6610.54780829
6611.17780828
6610.20280830
6617.35780810
6610.19080830
6611.31280827
6608.16580836
6613.73080820
6610.15780831
6614.83180817
6612.98380822
6613.77880820
6612.18580825
5876.22582959
6612.60280823
5876.42382958
5872.94682968
5875.04382962
5871.32082973
5874.47682964
5868.96582980
5875.37382961
5873.31282967
5875.66782961
5870.32482976
5872.45782970
5872.58382970
5872.36182970
5870.77182975
5872.50282970
5869.33782979
5873.67282966
5873.86182966
5874.35382964
5869.91382977
5871.65382972
5868.89982980
6613.54780821
5870.28582976
6612.73480823
5871.14682974
6611.36080827
6611.96980825
6613.15480822
6612.12580825
6617.58880809
6613.22080822
6614.87680817
6612.56980824
6612.09580825
6609.82480832
6614.10280819
6611.86480826
6616.19380813
6611.59780826
6620.42380801
6615.87280814
6620.75980800
6615.04780816
6617.11180810
6612.62680823
6615.95380814
6614.52880818
6621.03580799
6615.17980816
6620.70280800
6614.70280817
6617.44780809
6612.60580823
6615.21880816
6611.52280827
6614.54080818
6613.18480822
6613.57780821
6614.84380817
6618.34180807
6613.07680822
6614.78680817
6613.39180821
6615.28780816
6611.05780828
6614.10580819
6613.49080821
6617.70280809
6612.52180824
6614.91880817
6611.39080827
6613.94980820
6612.93880822
6615.22180816
6613.26580822
6614.23180819
6612.60880823
6614.44480818
7355.28578670
6615.45880815
7354.79378671
6614.49580818
7355.03678670
6616.25380813
7355.40878669
6616.80880811
7356.32978667
6614.35480818
7354.62278672
6616.86580811
7355.77778668
6611.84080826
7353.47378675
7353.04178676
6613.17580822
7357.89278662
7356.08678667
7354.36478672
7354.82378671
7355.90378668
7350.42578684
7353.14078676
7349.56178686
7356.74378665
7354.01678673
7355.20178670
7349.74178686
7356.00578668
7352.91878677
7354.35878672
7350.31178684
7352.27678678
7351.89578680
7352.23178679
7352.15978679
7355.03678670
7350.74678683
7351.98278679
7351.18178682
7352.98478676
7350.77978683
7352.78378677
7350.26078684
7352.78978677
7350.21878684
7353.04178676
7349.55878686
6609.82780831
7349.48978686
6617.48680809
7351.11578682
6611.57380826
7354.09478673
6611.85880826
7354.77878671
6613.89880820
7352.34578678
6613.28680821
7350.84578683
6615.91480814
7351.79678680
6612.33580824
7350.10478685
6616.78180811
6610.10080831
6612.75880823
6609.52780832
6612.39280824
6610.61380829
6616.13080813
6612.16480825
6608.74180835
6610.28080830
6612.87280823
6614.27080819
6612.72280823
6609.86080831
6615.68380815
6610.55680829
6615.05680816
6610.68280829
6614.62480818
6611.35180827
6615.13180816
6612.70180823
6610.67680829
6615.76780814
6612.26980824
6610.38280830
6612.93580822
6611.45680827
6616.48780812
6610.19980830
6613.76680820
6609.44980833
6612.59380823
6612.73180823
6615.50980815
6611.97880825
6615.76180814
6608.88580834
6615.34480816
6595.32280874
6596.94280869
6594.20680877
6595.95280872
6594.12580877
6594.77380875
6595.25080874
6599.65780861
6597.91480866
6596.48380870
6597.26080868
6597.61180867
6599.75980861
6595.70380872
6593.33380879
6598.02280866
5859.87283006
6601.50880856
5858.24083011
5861.43583002
5860.35883005
5865.02082991
5862.11383000
5863.55982996
5859.47983008
5864.58582993
5859.81883007
5864.92482992
5860.64083004
5864.84982992
5859.60283007
5864.47182993
5862.22183000
5863.24182997
5860.29583005
5863.49682996
5862.86082998
5861.30383002
5860.14583006
5863.57182996
5862.26082999
5862.61482998
6598.40680865
5861.59483001
6601.35880856
6600.43780859
6596.03080872
6601.80880855
6598.53280864
6599.79880861
6601.13980857
6599.24380862
6596.32180871
6598.08580866
6599.31280862
6598.70980864
6596.65480870
6599.93980860
6598.78480864
6598.55680864
6597.73180867
6601.28380856
6603.02980851
6600.63580858
6596.32480871
6600.16780860
6596.51080870
6598.53280864
6596.18380871
6600.18880859
6599.09380863
7339.25078716
6600.78580858
7341.98078708
6596.32180871
7337.70578721
6596.09980871
7340.94578711
6600.39880859
7341.65378709
7333.49378733
7337.27978722
7337.00678723
7341.85778709
7334.36678730
7337.77778720
7332.44078736
7335.17678728
7332.08978737
7337.87678720
7332.64178735
6598.61380864
7332.59078735
6598.60480864
7329.87578743
6597.61780867
7331.70578738
6596.20480871
7332.02978737
6594.47080876
7333.03778734
6595.34080874
6593.81380878
6599.17780862
6593.30080879
6596.27980871
6593.38480879
6594.08080877
6596.61580870
6599.19880862
6592.77580881
6596.29180871
6593.88580878
6594.21580877
6592.23580883
6593.92780878
6594.22780877
6596.68780870
6593.00080880
6594.61780876
6591.41080885
6595.45480873
6593.05780880
6599.71780861
6596.18980871
6601.22680856
6597.15880868
6601.67680855
6593.36680879
5861.96983000
6597.48280867
5857.86883012
5856.11083017
5857.98883012
5858.42083011
5858.08183012
5860.27483005
5860.02283006
5860.63183004
5860.24183005
5859.26383008
5861.32483002
5858.41783011
5860.10083006
5855.87983018
5859.88783006
5860.27183005
5861.03383003
5859.72583007
5859.84583006
5858.41183011
5859.33583008
5857.16383014
5856.42583016
6594.04180877
5859.01483009
6595.21780874
6596.69080870
6596.05480871
6600.02680860
6600.15580860
6598.72480864
6598.74280864
6595.68880873
6597.85780866
6598.44280865
6595.36480873
6596.76580869
6599.89480860
6598.11880865
6598.21180865
6598.32580865
6598.33180865
6600.44680859
6593.66080878
6600.84280858
6596.11780871
6596.27080871
6596.08480871
6599.74780861
6595.52680873
6599.49880861
6595.96780872
6601.16380857
6597.88480866
6599.53180861
6595.91680872
6598.69180864
6596.69980870
6604.36780847
6598.58680864
6599.16880862
6597.10780868
6603.52480850
6601.14880857
6600.53080858
6599.25280862
6602.41480853
6602.00980854
6602.21980854
6598.13680865
6601.31080856
6601.46080856
6602.76880852
6603.37480850
6605.87680843
6603.21580851
6600.65980858
6600.38080859
6603.39880850
7345.79678697
6604.48480847
7337.51378721
6603.15880851
7342.11578708
6607.11880839
7340.99978711
6601.43980856
7337.03378723
6600.34780859
7339.09778717
6600.06280860
7338.30578719
6600.54580858
7338.47378718
7338.93578717
6598.07380866
7339.55978715
7336.89578723
7339.46678716
7340.60978712
7340.38478713
7337.50178721
7342.23278708
7337.74178721
7341.23678710
7337.24978722
7342.28978707
7336.55978724
7338.20078719
7338.80378717
7341.58178709
7337.37878722
7334.15978731
7338.57878718
7337.92178720
7334.24678731
7340.55278712
7337.71778721
7339.04378717
7336.85978723
7338.96278717
7336.34978725
7337.75378721
7333.30478733
7335.08378728
7335.21278728
7335.68978726
7332.23378737
6595.83280872
7338.85778717
7339.37978716
6598.83880863
7334.88878729
6590.96380886
7337.15978722
6595.40680873
7337.79278720
6596.05480871
7332.42578736
6593.29180879
7335.31778728
6593.73880878
7334.99978729
6592.73680881
6594.76780875
7334.56178730
6596.17780871
6593.98780877
6596.05480871
6595.55380873
6596.32180871
6594.96880875
6595.63180873
6594.96280875
6595.19080874
6594.75280875
6599.30380862
6594.67180875
6599.47780862
6595.88380872
6600.18880859
6595.19680874
6599.55580861
6594.48580876
6598.86880863
6597.96280866
6602.09680854
6597.79780866
6602.64280852
6594.38980876
6603.72580849
6594.53380876
6598.16380865
6596.92180869
6603.96280849
6594.46480876
6600.50080859
6595.52080873
6601.50280856
6597.07780868
6599.42680862
6594.74380875
6597.26680868
6594.09880877
6596.41780870
6596.52580870
6597.80980866
6594.82480875
6601.20880856
6597.94480866
6600.24280859
6594.83380875
6597.82180866
6599.14780862
6602.21080854
6597.83080866
6601.85980855
6597.42280867
6602.29780853
5858.69383010
6600.94480857
5861.21983002
6601.25980856
5858.54383010
5861.49583002
5858.24383011
5863.00482997
5858.73883010
5859.61483007
5857.73083013
5863.28382996
5856.41983016
5860.04083006
5856.74983015
5859.20683008
5855.40583019
5861.25583002
5857.93183012
5862.51582999
5861.25583002
5864.03382994
5858.87983009
5861.27383002
5857.31983014
5860.85983004
6597.50080867
5864.41482993
6603.19780851
6601.42180856
6596.51980870
6601.35880856
6603.83680849
6602.57080853
6600.52780858
6602.21680854
6600.33880859
6602.48080853
6600.55180858
6600.54580858
6600.26380859
6601.31980856
6598.71280864
6600.65680858
6605.16580845
6604.92280846
6598.64680864
6603.48880850
6604.76080846
6603.08980851
6600.00880860
6604.63180847
6598.49380864
6604.16380848
6599.50480861
7343.84378703
6599.63680861
7341.02378711
6599.66980861
7340.38178713
6600.60280858
7340.19578713
6602.15080854
7341.35378710
7340.29178713
7343.66378703
7339.61378715
7343.64578703
7337.71778721
7340.43878713
7338.78578718
7342.25078707
7340.52278712
7338.38378719
7341.68978709
6597.52480867
7335.74378726
6597.49480867
7338.61478718
6604.20580848
7336.13078725
6598.93180863
7335.50078727
6598.81180863
7338.45278718
6600.20080859
6600.80080858
6598.83280863
6601.58680855
6601.98880854
6601.13680857
6598.27480865
6598.82680863
6601.32880856
6600.91480857
6597.20680868
6601.90480854
6599.35180862
6599.49580861
6595.21780874
6593.91880878
6594.60880876
6593.15980880
6598.38580865
6595.45780873
6600.42580859
6594.32980876
6597.26380868
6597.54580867
6599.49880861
6592.66180881
6601.72480855
6595.13080874
5861.36983002
6598.30780865
5861.91583000
5860.91083003
5859.40483008
5858.84683009
5860.80883004
5858.25283011
5859.27883008
5856.25783017
5857.77883012
5856.71683016
5860.16083006
5857.05283015
5860.31083005
5857.10383014
5859.78283007
5859.48583007
5858.09083012
5858.56483010
5859.07483009
