49727.11655791
50045.88454867
50192.11354443
23441.33332020
49887.27155327
50030.22154912
50043.47254874
50035.23454898
49870.88255374
50019.64354943
49873.16855368
49863.76955395
49865.15855391
49866.72755386
49881.52355344
50019.46054944
50012.23354965
44307.42471508
12612.21563425
9698.10871875
12132.03264817
27196.10621131
49912.71155253
49913.08955252
49919.31155234
49918.11155237
49754.28455713
49903.71155279
49742.38055747
49750.99055722
49755.42455709
49902.13655284
49901.27855286
50071.07254794
50239.12954307
50078.05654774
49911.76955256
17971.53547883
15057.21556334
12174.99564693
9278.17173093
6811.47580247
12178.24164683
20953.94639234
34022.17401336
49929.60755204
49918.39655237
49766.13155678
49918.34255237
49756.80455705
49762.56155689
49894.51055306
50244.97354290
50239.92454304
50236.48654314
46939.49263875
16563.56051966
29718.75813816
12166.58364717
11681.06366125
9262.55673139
7305.09878815
5338.05884520
4363.91687345
12150.45264764
15462.93555157
17995.67047813
21888.94436522
45255.79668758
42324.18777260
41347.46280092
40488.85082582
37069.43592499
35004.85998486
30121.80812647
26148.90224168
21370.02238027
15439.82955224
12548.43563610
11579.61266419
9649.09472018
8200.64076218
6269.81081818
5315.37284585
3864.44088793
4350.04187385
9705.38371854
10673.88569046
12102.65364902
13106.17161992
13996.17559411
14531.60957858
15050.87356352
15009.86056471
14528.67557867
14482.26258001
20827.49939600
8710.51474740
10162.46070529
9215.81973274
8222.83476154
7272.75578909
6304.91081716
5340.35984513
4356.03587367
3862.20588800
2896.14591601
5331.45884539
7297.78478836
8248.14876080
8734.83574669
9215.69373274
9190.95573346
9186.38673359
9193.26573340
8705.52874754
8270.41176016
7785.85477421
7276.29578899
6772.41280360
5801.56783175
5316.97184581
4836.26085975
3863.52288796
3387.70790176
2902.98291581
3394.67990155
5325.08084557
6296.62181740
7282.94378879
7285.97978871
7754.89477511
7777.29277446
7758.33877501
7776.89377447
7778.89477441
7271.97878911
7275.35078901
6807.50680258
6316.91681681
6302.41481723
5832.30883086
5333.32184533
5343.54284504
4844.18685952
4360.05287356
3871.92588771
3875.20788762
3387.63290176
3385.98290181
3379.95890198
3387.25790177
3391.84490164
4368.96587330
4368.44987331
4366.81187336
4357.05887365
4357.50587363
3869.78388778
3398.11490145
3384.82790184
3384.69290184
3383.99990186
3392.99690160
3385.35890182
3875.18388762
4366.68887337
4358.71487360
4846.15185946
4854.63585922
5340.17984513
4842.03585958
5329.70684544
5322.92384564
5326.75784552
4843.68285953
4852.42485928
4830.67185991
4841.07285961
4853.24385926
4364.89187342
4368.23087332
4354.81187371
3865.86588789
3868.46088781
3388.61990173
3390.29690168
3384.06290186
3389.35790171
3389.42690171
2901.86091585
2900.87991587
2896.59891600
2904.95091576
2897.10291598
2896.83591599
2901.22791586
2901.77991585
2907.44091568
2896.79691599
2900.54691588
2895.50391603
2902.15491584
2901.05691587
2901.55191585
2899.49691591
2907.91491567
3878.45688752
4357.08887364
4347.65987392
4857.41685913
4843.23585955
4858.39785911
4854.40785922
4858.22985911
4833.76785982
4849.09785938
4367.54087334
4846.70085945
4358.14787361
4361.30987352
4369.07687330
3875.89188760
3871.22088773
3863.76588795
3870.54888775
3384.84290184
3881.06088745
3392.17490163
3397.36490148
3394.67090155
3393.74090158
3390.27290168
3390.13190169
3873.99288765
3390.78590167
3868.94988780
3381.88190193
3876.98688757
3873.34788767
3869.36988779
3863.52288796
3864.49188793
4350.04787385
3857.01588815
4351.18187382
4369.15187329
4345.72187397
4343.37287404
4357.50887363
4366.61987337
4357.39187364
4347.31187393
4345.92287397
4348.07087391
4821.65386017
4350.16787385
4347.73187392
4351.49387381
4819.88386022
4337.36087422
4351.04687382
4339.04687417
4349.15087387
4346.52587395
4338.01187420
4336.97687423
4345.58387398
4356.98087365
4358.75987360
4351.32587381
4358.90987359
4350.00287385
4348.52987389
4346.27387396
4337.09387422
4346.47187395
4356.54887366
4356.42587366
4356.26087367
4357.43687363
4359.30887358
4357.83287362
4348.88987388
4338.60587418
4358.75687360
4832.17785987
4368.70487331
4369.96187327
4843.21785955
4368.76187331
4368.19487332
4838.02785970
4349.15087387
4351.48787381
4850.12985935
4371.22787323
4361.99987350
4861.44585902
4353.65987374
4363.33787346
4842.33585957
4356.65687366
4365.81887339
4846.34385946
4367.23787335
4357.25987364
4349.48987386
4842.49785957
4358.32787361
4348.55087389
4357.27487364
4358.87087359
4870.44885876
4368.92087330
4369.23287329
4369.68287328
4368.57887331
4367.57987334
4367.30087335
4370.51987325
4369.60487328
4368.95387330
4358.22587361
4358.37887361
4355.71487368
4358.18987361
4357.58387363
4367.22887335
4346.66087395
4349.27687387
4358.83487359
4358.72387360
4368.36587332
4367.21387335
4365.69287339
4375.91387310
4377.26987306
4374.54887314
4369.95287327
4365.23987341
4364.93087342
4364.60087343
4343.37287404
3868.07688783
4366.37087338
4359.84887356
4355.29187370
3874.09488765
4355.95787368
4346.63687395
3868.85088780
4364.57387343
4365.85487339
3875.79288760
4364.33387343
3878.48988752
4363.18487347
3868.38588782
4363.22987347
3871.21788773
4355.91887368
3862.13088800
3860.09388806
4344.99587400
3868.46388781
3869.25288779
3862.04688800
3879.09288751
3874.23288765
3869.63388778
3873.89688766
3870.09588777
3882.23988742
3872.67888769
3871.33188773
3879.03588751
3871.04988774
3384.76190184
3864.20988794
3864.79488792
3383.12990189
3864.14388794
3380.29490197
3871.21488773
3384.59090185
3877.72188755
3386.35490180
3382.52390191
3874.89588763
3381.14090195
3386.32490180
3390.66290167
3392.82590161
3388.14290174
3388.72490173
3386.38190179
3384.22490186
3392.10890163
3391.28990165
3391.84190164
3377.63990205
3381.95390192
2893.89591608
3391.20290166
2900.81391588
3390.22490168
3384.76790184
3382.98290189
3388.54790173
3383.81690187
3857.15388814
3391.82390164
3872.73288769
3392.98190160
3879.56388749
3877.59288755
3385.77290181
3862.43088799
3854.25288823
3371.35490223
3865.70388789
3862.31688799
3873.32688767
3875.53488761
3870.67488775
3873.16188768
3863.17788797
3875.77188760
3861.58788801
3865.72188789
3862.96188797
3861.97788800
3861.00588803
4345.78787397
3869.88288777
4349.73287386
4339.17287416
4348.12187390
4347.24287393
4354.36187372
4346.16287396
4337.63087421
4347.68987392
4364.11487344
4357.81487362
4357.53287363
4358.47187360
4358.15087361
4358.06387362
4348.21787390
4834.79985979
4368.38087332
4357.80887362
4357.02287365
4348.29287390
4366.52387337
4347.95987391
4350.49187384
4359.10487359
4369.37387329
4356.96887365
4348.30487390
4351.91087379
4348.40087390
4352.96387376
4370.62187325
4371.41387323
4373.80187316
4372.01987321
4361.62187351
4362.81587348
4361.31287352
4356.86687365
4372.00487321
4365.49787340
3886.93188728
4368.24887332
4359.54887357
4357.91987362
3877.44888755
4366.81187336
4377.31187306
3882.59688740
4367.64587334
3879.72888749
4370.40887326
3866.46888787
4358.66987360
3866.02488789
3864.86688792
3874.92588763
3887.57688726
3888.37188724
3880.55088746
3876.68988758
3873.29988767
3876.71388758
3872.04288771
3385.14290183
3871.19688774
3385.69490181
3378.04490204
3384.55190185
3382.27490191
3385.84790181
3384.47690185
3383.89790187
3383.31890188
3384.37490185
3384.42290185
3396.68390150
3389.83790169
3376.69490208
3375.65690211
3385.12790183
3377.55590205
3378.87890201
3383.50790188
3392.03390163
3389.95190169
3390.85190167
3390.62990167
3396.54290150
3389.32490171
3386.16290180
3383.36090188
3862.41288799
3383.66690187
3868.67988781
3376.92290207
3868.40688782
3386.64890179
3887.10288727
3879.86688748
3871.85988772
3880.39788747
3875.77188760
3869.15988779
3879.39288750
3879.14088750
3879.05388751
3879.04788751
3863.97288794
3874.38588764
4356.80087365
3874.15488765
4358.32487361
3871.34088773
4369.36487329
3880.46988747
4367.53487334
3881.19588745
4368.98987330
4381.55387293
3882.97188739
4370.11487327
4371.33287323
3881.54088744
4368.32687332
4370.15387327
3878.09388754
4369.00787330
4357.58087363
4369.16087329
3881.99088742
4378.20587303
4367.95187333
4362.45887349
4356.55487366
4367.45987334
4358.11487361
4366.68587337
4374.83387313
4366.34387338
4354.12187373
4353.14687376
4350.55487383
4362.27587349
4362.19787350
4350.70487383
4352.29187378
4351.52687381
4350.10487385
4349.24387387
4349.67887386
4348.19987390
4843.31985954
4359.71687357
4349.34587387
4338.67187418
4832.69685985
4339.33787416
4338.72287418
4348.53887389
4336.65287424
4835.62485977
4359.29387358
4346.62787395
4346.82887394
4349.27687387
4835.93385976
4350.21287384
4358.39687361
4368.17087332
4360.51187355
4858.05285912
4368.40787332
4348.89287388
4349.75087386
4842.04785958
4365.51887340
4358.27387361
4368.98387330
4846.36485946
4358.90987359
4348.15787390
4356.34787367
4828.90485996
4355.74187368
4357.40387364
4359.62087357
4830.56685991
4347.01487394
4349.66087386
4349.19887387
4832.64285985
4348.30187390
4346.90987394
4349.18687387
4831.88385988
4357.31387364
4357.53587363
4357.16087364
4350.58487383
4361.19887353
4360.31387355
4361.44787352
4353.34787375
4355.46587369
4363.46687346
4364.80787342
4363.75187345
4365.36287340
4355.81987368
4361.30987352
4365.08987341
4347.77987391
4367.81987333
4357.58387363
4368.48287331
4367.42687334
4368.89987330
4379.48087300
4367.81687333
4350.28187384
4361.13287353
4354.71287371
3882.42588741
4379.18687300
4370.14487327
4358.41787361
3878.10288754
4377.20387306
4357.85387362
3870.92688774
4356.53087366
4355.85287368
3870.87888774
4357.82687362
3869.72988778
4355.04887370
3878.37288753
4367.64287334
3880.64688746
4346.73887394
3880.31688747
3869.04288780
4345.98587397
3877.23588756
3884.31588735
3889.11888722
3886.26888730
3885.27288733
3885.32688733
3879.23088750
3861.51888802
3869.61588778
3878.05788754
3879.92388748
3869.62188778
3879.65988749
3383.84990187
3877.39188756
3861.24588802
3376.77890207
3874.44888764
3383.09090189
3872.17488771
3384.32990185
3874.85388763
3380.91890195
3388.60490173
3382.42190191
3869.72688778
3390.00890169
3390.70190167
3382.39790191
3385.18490183
3384.14990186
3391.07390166
3391.41890165
3385.48490182
3392.35190162
3392.83190161
3387.99890175
3385.52390182
2906.93091570
3384.55190185
2899.70091591
3392.70590161
2906.33691572
3388.02890175
3387.14090177
3393.37490159
3398.46590144
3388.13390174
3871.93788771
3385.69790181
3870.18288776
3393.16790160
3876.49788758
3387.23090177
3875.50188761
3387.59690176
3875.95788760
3870.70188775
3872.96688768
3862.45488799
3862.67388798
3871.69488772
3869.63688778
3872.13288771
3875.79888760
3880.50288747
3886.50288729
3877.60488755
4365.66587340
3876.57588758
4354.12787373
4360.36187355
4350.65687383
4349.63387386
4359.12587359
4338.70487418
4359.53987357
4348.37987390
4365.01187341
4356.80387365
4350.04187385
4359.11987359
4349.77187386
4347.92087391
4359.50987357
4357.12187364
4368.14087332
4366.80287336
4369.07987330
4348.43987390
4349.11487388
4337.27087422
4346.97887394
4358.72087360
4348.82987388
4347.21287393
4350.44987384
4359.67487357
4349.02487388
4357.10387364
4348.00787391
4347.76487391
4364.16887344
4366.14287338
4357.72787363
4357.24487364
4348.31987390
4346.38487395
4349.02187388
4347.16187393
4356.31487367
3864.48888793
4346.30687396
4358.13587361
4366.88987336
3861.95988800
4347.59387392
4347.05087394
3862.82388798
4347.66287392
3864.05088794
4357.36487364
3878.74488752
4351.86587380
3861.79788801
3867.71088784
3866.31288788
3859.15488808
3866.41788787
3869.24088779
3866.55588787
3877.08888756
3884.67288734
3885.80988731
3395.45690153
3879.47388750
3384.17690186
3385.52090182
3388.65590173
3380.00390198
3393.51590159
3398.69390144
3399.01790143
3398.66090144
3385.91390181
3387.42890176
3388.13390174
3379.99790198
3393.47990159
3393.02990160
3399.50990141
3394.55090156
3392.60990161
3386.43890179
3394.09490157
3392.07590163
3393.24590160
3398.25890145
3393.01790160
3392.73890161
3392.96990160
3392.63090161
3392.75090161
3392.65190161
3875.40288761
3385.64990182
3869.48688778
3390.05690169
3874.17288765
3863.04288797
3383.46890188
3871.39788773
3863.74188795
3867.63288784
3871.08588774
3875.85288760
3871.46688773
3874.77888763
3888.65088723
4375.09787312
3886.84188728
4354.13987373
3861.58488801
4344.20987402
3867.99288783
4360.46987355
3878.00688754
4362.79187348
3877.98888754
4366.95587336
3861.37488802
4345.05587399
4344.20687402
3878.86788751
4345.66487398
4356.23087367
3879.73788749
4365.71687339
4357.72787363
4357.02287365
3877.66788755
4366.75787336
4357.43087363
4357.55387363
4357.36187364
4357.93487362
4360.77587354
4360.14887356
4359.00887359
4358.75687360
4368.22487332
4369.49687328
4378.73987302
4379.23487300
4378.13987303
4378.58987302
4370.55887325
4360.60187354
4359.41387358
4365.60587340
4371.21287323
4378.76387302
4868.64585881
4370.11187327
4357.91387362
4347.47987392
4843.36185954
4361.13887353
4358.87387359
4347.59387392
4844.80485950
4364.17787344
4369.74887328
4366.19987338
4356.49787366
4828.52685997
4343.69687403
4363.88087345
4354.74287371
4361.43887352
4852.08585929
4351.92587379
4361.70287351
4360.22987355
4847.03085944
4359.57287357
4359.89087356
4360.48787355
4855.60185919
4357.79687362
4348.13387390
4346.90087394
4821.37186018
4338.33887419
4338.46187418
4347.36587393
4832.31885986
4348.53587389
4349.03987388
4346.45387395
4823.11186013
4348.45787389
4349.55887386
4348.38287390
4822.78486014
4337.72387421
4348.55087389
4357.83287362
4356.97187365
4356.98087365
4347.66587392
4337.84087420
4347.03887394
4348.82687388
4348.39487390
4349.18687387
4348.59887389
4356.77987365
4354.07387373
4357.87187362
4368.19187332
4358.35787361
4358.43887361
4367.77487333
4358.13887361
4358.93087359
4360.56287354
4349.84087385
4359.53387357
4358.03987362
4348.22987390
4338.86387417
3869.55588778
4338.71987418
4349.70587386
4341.26687410
3868.70088781
4360.16687356
4360.73687354
4372.77587319
3868.66488781
4361.92487350
4362.03587350
3874.09188765
4352.26187378
3867.78888783
4356.06587367
3879.37788750
4365.63587340
3881.65488743
4357.09787364
3863.67888795
3862.68288798
4356.18287367
3882.61188740
3883.66788737
3890.20788718
3870.93888774
3887.10288727
3888.88488722
3870.56388775
3875.30388762
3871.28988773
3876.04488759
3864.38088793
3870.94188774
3881.28288744
3391.39190165
3878.15688753
3872.09088771
3392.85290161
3878.18388753
3391.45190165
3880.86588745
3390.67790167
3878.90088751
3390.06290169
3392.62490161
3382.61990190
3873.08088768
3384.57890185
3391.24190165
3376.78490207
3378.07790204
3388.98890172
3384.46490185
3391.72490164
3389.40590171
3384.12890186
3384.59990185
3398.24690145
3391.48490165
2903.29191580
3390.46190168
2903.87091579
3387.50090176
2903.78391579
3388.83290172
3388.48490173
3389.82590170
3382.44890191
3382.03490192
3868.67388781
3397.11290148
3886.88688728
3390.94790166
3876.01788760
3395.80490152
3886.53588729
3396.53090150
3887.15088727
3881.17188745
3390.95690166
3888.16188724
3879.23088750
3886.32588730
3881.27088744
3872.71788769
3889.90788719
3888.64788723
3865.65588790
3870.31488776
4358.12087361
3864.86388792
4357.94987362
4365.74987339
4376.66687308
4371.16187324
4380.21287297
4362.68687348
4350.53087383
4350.88487382
4359.00287359
4362.08987350
4350.07487385
4369.18787329
4368.93887330
4360.83587354
4370.37887326
4369.37387329
4358.69987360
4368.63887331
4363.93487345
4357.39187364
4356.84587365
4841.49285960
4345.52987398
4353.69887374
4345.00787399
4364.82587342
4362.88187348
4362.99287347
4371.98387321
4352.78987377
4352.29187378
4357.86887362
4350.33287384
4350.34487384
4358.57087360
4358.40287361
4360.21187355
4358.01587362
4357.02587365
4358.18987361
4339.13087417
4350.03587385
3857.43588813
4347.10787393
4350.86687382
3854.82888821
4346.97287394
4347.82787391
3869.51088778
4357.69787363
3873.16788768
4347.05687394
3870.83688775
4358.69687360
3873.27588767
3875.78088760
3874.61088764
3871.82388772
3866.44788787
3869.43888779
3873.08388768
3881.40288744
3866.14788788
3873.02988768
3392.38190162
3870.98988774
3378.93890201
3373.90790216
3373.68890216
3380.48090197
3374.43590214
3373.25690218
3380.45390197
3374.02790215
3381.46190194
3381.00290195
3381.58790193
3379.13090201
3385.82090181
3380.25890197
3385.85390181
3386.72690178
3386.97590178
3388.47890173
3381.91790192
3381.77990193
3384.56690185
3389.39690171
3377.08190206
3377.00990207
3389.82590170
3397.91090146
3392.52290162
3879.80988749
3384.82490184
3385.55390182
3887.82288725
3399.62390141
3884.15388736
3871.85388772
3386.32490180
3873.90288766
3881.14788745
3872.23488771
3885.34188733
3873.19188768
3877.63488755
3880.64088746
3885.08688733
4368.14087332
3872.86488769
3875.62788761
4359.68687357
3879.35688750
4361.15687353
3884.46588735
4359.31787358
3882.28788741
4369.74587328
3871.30188773
4367.54987334
4355.21087370
3883.47588738
4366.62287337
4366.65287337
3877.28688756
4368.12887332
4359.67187357
3870.29688776
4365.65087340
4357.01687365
4356.48287366
4364.11487344
3868.25388782
4367.81087333
4367.63987334
4368.05387333
4366.60187337
4368.16187332
4367.68787334
4366.95887336
4367.71187334
4369.16987329
4376.72387308
4375.73087310
4375.31987312
4374.47987314
4374.99887313
4364.67287342
4367.68787334
4366.86287336
4376.93087307
4365.97187339
4840.37385963
4346.38487395
4348.40987390
4367.69087334
4366.55987337
4852.85985927
4369.67087328
4365.54287340
4377.79487304
4378.36787303
4859.00085909
4368.23687332
4360.88387353
4360.49987355
4361.55587351
4846.34685946
4360.07387356
4378.43087303
4379.14187300
4359.10787359
4858.12785911
4352.38487378
4371.46787323
4370.33987326
4860.64485904
4370.72387325
4362.16187350
4359.50387357
4855.46085919
4368.45587331
4360.31387355
4360.31987355
4858.10985911
4366.11587338
4371.06887324
4367.53787334
4852.97085926
4356.70187366
4362.34187349
4357.18787364
4845.04185949
4365.61187340
4367.99387333
4356.16487367
4355.96987368
4344.87287400
4839.11385967
4353.19187376
4352.21987379
4350.39287384
4361.98187350
4349.60087386
4360.43087355
4368.38987332
4358.10587361
4371.23087323
4349.03387388
4348.70687389
4362.12587350
4349.37887387
4340.36987413
4338.44087419
4350.02687385
4341.87887409
4350.37787384
4359.93287356
4360.73987354
4361.43887352
4361.32487352
4347.45587392
4351.25687381
3872.14488771
4358.36387361
4355.82887368
4357.46387363
3872.79288769
4361.55887351
4349.61887386
3875.48388761
4339.62887415
4339.69787415
3862.91988798
4358.50187360
3873.95688766
4347.58787392
3880.06488748
4359.63887357
3881.13288745
4358.30387361
3871.28688773
3866.52888787
3858.83988809
4339.45187416
3868.90188780
3871.94388771
3874.18788765
3863.75688795
3867.23988785
3871.26288773
3867.69588784
3865.88988789
3868.46988781
3865.18488791
3858.68988810
3867.39288785
3382.07690192
3861.93888800
3383.45390188
3888.27888724
3391.39790165
3875.86188760
3390.93590166
3881.45988744
3384.29390186
3385.26590183
3864.96888792
3398.94890143
3401.90990134
3391.09490166
3387.86690175
3393.38690159
3396.17390151
3396.03290152
3396.05390151
3383.46590188
3387.92090175
3389.09390172
3387.73790176
3395.43290153
2911.16391558
3393.16190160
2902.60191582
3386.72390179
2905.55091574
3392.22290163
3394.36190156
3394.28990157
3393.44990159
3399.88190140
3387.24890177
3882.48888741
3386.45990179
3871.25988773
3379.05590201
3872.22288771
3386.57690179
3865.24488791
3378.53090202
3863.22888797
3873.80688766
3869.57688778
3871.27488773
3876.29388759
3880.31688747
3878.08488754
3874.25688765
3863.09388797
3879.90888748
3885.62988732
4366.97687336
3873.68988766
4364.57987343
4353.83087374
3869.46288779
4361.08787353
4356.04187367
4355.21087370
4353.46787375
4365.88187339
4366.04387338
4365.75287339
4347.95687391
4358.19587361
4366.52387337
4368.83387330
4355.55287369
4378.26887303
4370.25887326
4357.57787363
4359.72587357
4358.54987360
4360.33187355
4358.36687361
4358.90387359
4372.16387321
4379.12687301
4370.40587326
4378.68587302
4378.86887301
4370.48987326
4378.84487301
4381.64087293
4379.36087300
4369.72487328
4358.98487359
4361.73887351
4348.00487391
4355.89187368
4373.28287317
4370.03987327
4361.73287351
4360.70387354
4371.19187324
3871.89588772
4358.77187360
4376.14487309
4358.19887361
3873.48888767
4356.92987365
4367.84987333
3885.17088733
4365.61187340
3886.43688729
4376.69087308
3876.26088759
4364.57987343
3870.10488777
3864.66588792
3868.51788781
3871.46088773
3868.62588781
3871.93188771
3881.82888743
3874.18488765
3873.46788767
3392.13890163
3873.89988766
3392.91290161
3387.26990177
3863.20188797
3384.45290185
3381.26090194
3381.38990194
3387.08390177
3381.07490195
3379.31390200
3387.70190176
3385.78490181
3387.39590177
3380.90390195
3385.41890182
3380.89190195
3380.96390195
3389.44190171
3393.21290160
3394.60490156
3386.55590179
3388.40090174
3386.48090179
3393.94790158
3392.06090163
3392.92790161
3377.48690205
3866.18388788
3381.53990194
3380.15690198
3862.75188798
3373.55690217
3857.27388814
3379.29590200
3864.91788792
3857.22888814
3373.66790216
3862.68588798
3865.39488790
3863.91588795
3875.12088762
3871.25388773
3864.00588794
3869.83188777
4361.04887353
3865.29588791
3859.36488808
4360.71887354
3872.11188771
4362.57587349
3885.07188733
4376.78387307
3885.44088732
4363.62887345
3885.77988731
4374.44087314
4365.66887340
3879.98688748
4377.40187306
4368.83987330
3878.18088753
4374.53387314
4371.42287323
3889.85688719
4368.33587332
4370.35487326
4351.35287381
4362.47387349
4378.24787303
3883.55088738
4379.59787299
4379.49887299
4379.45087300
4379.07287301
4381.38287294
4380.91187295
4367.44187334
4359.14987358
4358.05487362
4367.18987335
4358.28887361
4369.07687330
4358.60387360
4357.49087363
4366.81787336
4370.97887324
4357.65587363
4360.44887355
4833.49485983
4348.79087389
4348.19087390
4358.30087361
4355.48087369
4831.99785987
4354.07087373
4345.58387398
4357.28387364
4356.31187367
4842.99585955
4347.41387392
4356.52787366
4365.80387339
4357.67087363
4843.62285953
4366.22087338
4356.98387365
4354.67087371
4831.70385988
4366.26587338
4368.40487332
4366.96487336
4843.65585953
4365.46787340
4353.86387374
4358.00387362
4856.85585915
4367.17187335
4357.87787362
4349.03387388
4833.47985983
4348.29587390
4348.03487391
4843.11885955
4356.64187366
4367.81687333
4359.06587359
4859.86185906
4369.16387329
4369.86587327
4360.20287355
4359.36587358
4870.52085875
4368.47687331
4358.56187360
4360.86887353
4361.33387352
4362.82787348
4369.17587329
4370.53487325
4350.42887384
4368.32087332
4368.80087330
4360.35287355
4361.63087351
4378.51187302
4371.24287323
4369.47887329
4368.70487331
4380.24887297
4378.15787303
4367.85287333
4369.18487329
4370.27687326
4346.75387394
4356.61187366
4374.90887313
4366.53887337
4365.79787339
3880.06188748
4375.14587312
4352.66687377
4355.70287368
3870.16188777
4341.74387409
4341.56987409
3857.82888812
4356.20087367
4359.95687356
3871.83288772
4358.03387362
4347.73787392
3865.59588790
4359.49787357
3866.63688787
4361.06387353
3871.53588773
4350.08387385
3868.02888783
3863.86488795
3880.60188746
4359.63887357
3878.36988753
3874.30488765
3880.05588748
3863.10888797
3864.24288794
3856.88988815
3865.51788790
3867.87288783
3861.79488801
3873.99588765
3873.01188768
3857.04588815
3380.01590198
3862.53288799
3866.13288788
3388.04090175
3862.89888798
3377.17790206
3872.64888769
3393.95690158
3386.41790179
3869.02788780
3384.99590184
3380.58890196
3376.46390208
3858.01188812
3373.08890218
3374.90090213
3378.90590201
3372.47690220
3379.09190201
3381.71990193
3378.95690201
3386.58590179
3379.32890200
3380.17490197
2892.52191612
3388.43990174
2902.65891582
3388.22390174
2899.97091590
3384.16190186
3382.13390192
3383.65190187
3384.86090184
3383.60390188
3869.31288779
3383.34590188
3380.71790196
3872.56788770
3389.55290170
3883.63488737
3379.42190200
3865.39788790
3379.79390199
3865.47288790
3867.46788784
3874.33488764
3873.53088767
3875.62488761
3875.02188762
3873.43188767
3872.64288769
3871.99788771
3873.54888767
3865.64688790
3880.99488745
4358.99987359
3870.82488775
4350.73787383
4347.90587391
4367.09987335
4367.84387333
4360.47287355
4358.75987360
4359.28487358
4354.10087373
4368.74687331
4369.14587329
4369.65887328
4372.69187319
4377.78287304
4356.44387366
4348.75187389
4357.04087365
4355.04287370
4347.20687393
4358.11187361
4356.62987366
4353.76787374
4346.16887396
4366.82087336
4357.15787364
4356.64787366
4354.30187373
4354.55987372
4375.43987311
4366.33487338
4372.85087319
4365.05987341
4368.03587333
4365.82487339
4362.32987349
4356.77087365
4355.30087370
4363.47887346
4374.88787313
4368.32387332
4366.74287336
3888.04488725
4377.54587305
4376.38187308
4377.36887306
3875.01588762
4357.89887362
4358.08187362
3863.77488795
4358.25887361
3871.37688773
4369.23287329
3882.31488741
4367.81687333
3881.00988745
3889.76088720
4360.27487355
3872.43288770
3875.38488761
3873.86388766
3885.14688733
3881.66688743
3871.51488773
3873.19188768
3386.99990178
3877.46688755
3386.80790178
3395.01590154
3394.20290157
3394.19390157
3391.30490165
3388.43690174
3387.39590177
3392.62490161
3385.56590182
3393.43790159
3385.71890181
3386.28890180
3385.68290182
3386.26190180
3391.23890165
3390.89390166
3384.32090185
3388.69790173
3388.46390173
3380.43290197
3382.44590191
3374.11790215
3379.21490200
3373.86590216
3381.56690193
3373.23590218
3387.82190175
3386.15690180
3882.17088742
3387.23390177
3379.86290198
3856.83588815
3372.50390220
3866.71488787
3863.81088795
3872.91288769
3866.08788788
3875.35788761
3870.59688775
3881.40288744
3863.99388794
3876.49488758
3863.53488796
3872.74488769
4361.27987352
3856.65288816
4338.71087418
3858.14388811
4341.97787408
3865.80888789
4359.48887357
3872.27688770
4368.60587331
4368.95387330
3873.14688768
4367.31287335
4358.83487359
3874.25688765
4360.15487356
4358.93687359
3882.02088742
4359.30887358
4362.65687348
4359.30587358
3874.87788763
4348.65587389
4340.95787411
4347.16187393
4339.48487415
4338.32087419
4340.29787413
4338.45287418
4350.90587382
4354.28987373
4353.56087375
4352.98787376
4352.42987378
4366.60487337
4345.04387399
4355.54987369
4357.37387364
4349.59487386
4346.07887396
4355.17487370
4346.35187396
4347.31487393
4843.12485955
4357.45787363
4369.90187327
4370.17187327
4859.41485908
4381.77287293
4382.52287291
4381.19987295
4868.47785881
4359.33887358
4369.63187328
4351.25087381
4350.27287384
4847.98485941
4370.23787326
4379.30687300
4378.69787302
4366.15487338
4833.82185982
4359.24887358
4360.36487355
4360.67987354
4847.64585942
4358.84987359
4377.76787304
4362.89087348
4853.95785924
4359.27887358
4367.27687335
4356.67187366
4832.19585987
4358.68787360
4367.21687335
4368.00587333
4853.40885925
4355.94887368
4356.40487366
4356.12587367
4843.68585953
4366.19387338
4367.66987334
4369.57487328
4845.02685949
4364.95187342
4364.12087344
4364.55287343
4369.24787329
4355.92187368
4829.93685993
4353.45587375
4353.95987374
4357.08287364
4365.14987341
4366.78487336
4346.39087395
4355.54387369
4357.37687364
4367.89187333
4366.26887338
4367.24687335
4367.31287335
4379.76287299
4356.95987365
4367.87387333
4368.18587332
4358.69687360
4356.58487366
4371.95687321
4367.60987334
4379.90987298
4361.05487353
4360.49087355
3892.08888713
4371.99587321
4369.59587328
4353.90287374
3864.61188793
4359.37187358
4371.42887323
3872.74188769
4362.52787349
4373.70587316
3883.76088737
4360.83587354
3882.92088740
4380.37787297
3883.65288737
4371.86987322
3877.63188755
4369.07087330
3880.14888748
3871.63788772
3879.47388750
4357.70987363
3871.57188772
3880.63188746
3880.04388748
3864.08088794
3879.16488750
3878.91288751
3886.44888729
3884.81088734
3883.51188738
3882.26988741
3865.13388791
3864.85488792
3379.72790199
3866.61888787
3856.11588817
3381.33890194
3875.79288760
3374.48090214
3872.33088770
3386.91890178
3858.11688811
3374.54690214
3381.19190195
3394.73090155
3864.59988793
3373.73690216
3381.02090195
3379.52390199
3373.54790217
3381.06590195
3389.48990170
3388.19990174
3387.50990176
3381.59390193
3379.83890198
3380.21390197
2899.48191592
3385.61990182
2902.61991582
3386.38190179
2905.79991573
3393.33890159
3380.09090198
3379.64690199
3385.09790183
3383.26490189
3387.68690176
3859.71588807
3379.33190200
3871.26288773
3385.92590181
3875.90688760
3387.40190177
3866.48388787
3384.78290184
3880.97088745
3881.83488743
3388.52690173
3871.38288773
3874.11288765
3872.46588770
3875.58588761
3869.71188778
3865.43088790
3868.96788780
3874.46088764
4354.93187371
3861.08088803
4355.59487369
4356.11687367
3875.78388760
4355.34587369
4353.99287373
4346.02487397
4361.16287353
4360.97687353
4355.85587368
4369.08287330
4368.83687330
4380.49487297
4371.06587324
4371.95987321
4371.05687324
4371.11387324
4361.28587352
4361.20187353
4370.48387326
4362.86387348
4357.79687362
4362.01187350
4379.29787300
4363.19687347
4367.91587333
4370.17787326
4367.29787335
4360.14887356
4360.31987355
4359.97787356
4366.59287337
4367.94287333
4361.92187350
4357.67687363
4358.16587361
4359.37187358
4348.88987388
4352.12987379
4359.10187359
4368.98087330
4348.04687391
4348.94687388
3870.06288777
4366.89887336
4366.75487336
4355.42687369
3873.23088768
4348.49387389
4347.89387391
3863.49888796
4355.43587369
3869.97588777
4367.69987334
3888.09888725
3878.86788751
4365.44387340
3876.64488758
3872.61888769
3880.27188747
3868.92888780
3879.35988750
3886.35888730
3886.08888730
3886.36488730
3383.03690189
3870.05988777
3384.09290186
3873.65988766
3378.36290203
3378.70790202
3380.90390195
3381.14690195
3379.80290199
3389.05490172
3384.18290186
3380.70290196
3380.60090196
3381.50690194
3388.39190174
3387.47090176
3385.94990181
3387.78290175
3379.73690199
3393.88490158
3392.12390163
3394.44890156
3387.49490176
3394.41590156
3395.40590153
3400.09490140
3388.27490174
3394.52390156
3387.35390177
3878.58288752
3395.98490152
3388.85090172
3873.37188767
3380.82590196
3873.58188767
3393.46790159
3873.47388767
3869.57988778
3869.72088778
3861.93888800
3862.53288799
3872.34288770
3868.90488780
3869.03988780
3876.99588757
3878.92188751
4352.18087379
3858.95988809
3874.83588763
4362.18887350
3877.68588755
4352.84987377
3863.18688797
4351.98587379
3866.68188787
4348.62887389
4349.55287386
3873.75288766
4367.81987333
4370.62187325
3862.40388799
4349.85887385
4349.88887385
3866.55888787
4351.01987382
4340.68487412
4339.59887415
3865.32288791
4349.72687386
4351.03787382
4348.98587388
4341.15587411
4349.15387387
4358.09987362
4360.12787356
4351.19087382
4359.88787356
4360.40087355
4359.22787358
4341.00287411
4348.89287388
4340.28587413
4339.65887415
4348.69487389
4358.19587361
4367.94587333
4358.32487361
4367.88587333
4369.92887327
4846.63185945
4357.83887362
4353.47687375
4348.59287389
4821.74086017
4355.63387369
4349.83187385
4341.74387409
4821.18886019
4359.32387358
4342.63787406
4340.04287414
4351.62287380
4835.64585977
4350.90887382
4353.48287375
4365.92387339
4354.34687372
4852.62285927
4357.82987362
4355.30387370
4354.56887372
4852.26285928
4365.51287340
4367.57987334
4366.46987337
4844.57685951
4369.10987330
4362.08087350
4369.21787329
4858.35885911
4370.48987326
4371.16487324
4375.78787310
4846.35585946
4360.18187355
4359.20687358
4360.65887354
4858.16385911
4360.74587354
4368.62687331
4370.59487325
4869.54885878
4369.75187328
4377.66887305
4379.72987299
4378.31987303
4377.25787306
4367.94287333
4357.87187362
4358.21087361
4368.16187332
4352.70587377
4349.80787386
4378.89887301
4375.94387310
4377.03887307
4377.19487306
4379.61587299
4366.20287338
4368.08987333
4366.81787336
4365.27587341
4366.24187338
4357.86887362
4356.98687365
4352.87687377
4366.10687338
4374.43787314
4346.33387396
3870.32388776
4356.87587365
4354.63487372
4357.07387364
3869.19288779
4355.75987368
4364.30687344
4346.73587394
3863.01588797
4345.27787399
4345.40387398
3862.26288799
4364.96087342
3878.50188752
4378.20587303
3880.91088745
4369.18487329
3881.41788744
4369.80587328
3882.94188739
3881.48988744
4377.79787304
3889.48188721
3887.56488726
3888.75588723
3889.88988719
3882.06888742
3871.53588773
3876.02088760
3867.81288783
3865.52388790
3872.19288771
3877.87188754
3880.73088746
3883.82388737
3387.42290176
3867.52488784
3866.73888786
3395.05190154
3874.94988763
3393.72890158
3875.52888761
3388.23890174
3388.02590175
3871.90488771
3386.88890178
3395.32790154
3389.00390172
3880.10388748
3387.23390177
3385.25990183
3383.16290189
3386.75090178
3382.71290190
3389.77190170
3387.65390176
3391.74290164
3388.59890173
3381.68090193
2896.66191600
3387.77090175
2896.48491600
3386.55890179
2906.25591572
3393.97490157
3386.80790178
3393.88190158
3393.36290159
3389.70890170
3387.45290176
3875.56788761
3381.06590195
3875.09988762
3391.01390166
3875.98188760
3382.08290192
3867.93288783
3388.36790174
3864.20388794
3874.48788764
3873.29088767
3866.24988788
3879.93888748
3872.08188771
3882.56988741
3874.62888764
3873.61788767
3880.28688747
3873.49788767
3870.15588777
4347.11387393
3865.10988791
4348.72187389
4337.90687420
4349.74787386
4337.12087422
4340.37287413
4358.52587360
4360.45187355
4360.27787355
4340.37887413
4340.88587411
4340.62787412
4337.42987421
4339.61687415
4346.73287394
4340.10587414
4346.81087394
4348.28687390
4358.75687360
4359.14687358
4359.12887359
4361.70587351
4351.02287382
4362.00287350
4357.38287364
4364.32487343
4373.99387315
4365.93287339
4365.23987341
4366.35587338
4364.52587343
4366.56587337
4347.99587391
4349.09987388
4348.30787390
4358.85287359
4356.01487368
4359.54887357
4360.58687354
4361.21087352
4368.63887331
4361.83787351
3879.34788750
4381.15187295
4381.33487294
4380.83387296
3877.04688757
4361.25887352
4372.24487320
3871.53588773
4359.56687357
3882.92088740
4361.87387351
3882.25188741
4347.82187391
3863.27088797
3882.88188740
3881.51088744
3870.59088775
3874.35888764
3889.50288720
3880.96188745
3870.65388775
3874.36788764
3870.36888776
3392.55890162
3887.53788726
3397.26590148
3394.50590156
3381.71090193
3384.96890184
3386.05190180
3390.16790169
3385.95290181
3392.27090162
3392.47190162
3390.09890169
3379.10390201
3388.18790174
3393.35090159
3386.64590179
3378.44690203
3385.22390183
3384.59990185
3390.83390167
3391.02290166
3377.69390205
3389.34890171
3385.78190181
3384.07190186
3386.21990180
3390.09890169
3378.84590201
3381.74390193
3870.44688776
3384.75590184
3386.50190179
3887.87388725
3399.47390142
3882.15888742
3889.51188720
3881.49888744
3879.26988750
3882.73488740
3872.09388771
3875.48988761
3874.73388763
3867.16488785
3865.71888789
3867.05088786
3876.63288758
4371.36287323
3880.48188747
4351.32287381
3877.02288757
4361.27387352
3883.28688738
4362.45887349
4361.41787352
3881.42088744
4370.67287325
4370.06087327
3883.27188739
4370.44487326
4378.79687301
3889.85388719
4377.14687306
4365.86087339
3878.58588752
4378.81187301
4367.74787334
4367.77787333
3879.96288748
4365.25787341
4348.14287390
4353.82187374
4354.81187371
4350.98387382
4362.80687348
4360.32287355
4370.52887325
4371.17087324
4350.71387383
4351.68887380
4359.22487358
4359.22187358
4358.66087360
4360.46087355
4358.25587361
4359.86387356
4358.38187361
4359.41087358
4359.38687358
4369.37087329
4858.04385912
4358.24687361
4348.34087390
4368.87287330
4846.84185944
4359.81587357
4350.01787385
4351.04987382
4836.18585975
4357.64987363
4349.28587387
4347.73787392
4348.41587390
4855.76985918
4361.26487352
4360.78487354
4358.18987361
4360.43387355
4844.10885952
4362.29687349
4349.52587386
4338.63887418
4832.81985985
4348.25687390
4349.17487387
4348.99487388
4846.49385945
4359.68987357
4358.94587359
4350.93587382
4833.66885982
4341.28187410
4340.87687411
4351.01087382
4837.44285971
4359.50987357
4350.95087382
4351.55687380
4846.89885944
4352.45987378
4350.94187382
4364.48987343
4363.49087346
4851.04785932
4354.36487372
4356.98387365
4366.07387338
4366.22387338
4375.91387310
4369.16687329
4357.48487363
4359.55487357
4358.42087361
4348.48187389
4360.23887355
4371.05387324
4350.43487384
4362.61487348
4361.14787353
4374.23387315
4369.08887330
4368.65987331
4369.29287329
4378.48187302
4371.15587324
4370.61287325
4351.94087379
4351.09187382
4369.96487327
4368.80387330
3871.62588772
4357.89287362
4358.66687360
4370.38487326
3881.38188744
4368.13487332
4367.53187334
3889.36488721
4366.85987336
4367.48987334
3880.12488748
4369.40687329
3885.92088731
4375.94387310
3888.43488724
4369.98887327
3887.85888725
4376.13287309
3880.13388748
3881.30088744
4376.38187308
3887.63988726
3886.39488729
3869.27988779
3874.99788763
3870.30288776
3873.11988768
3883.53888738
3880.65888746
3884.30088736
3888.43488724
3886.36188730
3874.17888765
3878.10588753
3390.88490166
3880.48788747
3887.12088727
3391.72790164
3880.47888747
3398.15990145
3886.76688728
3392.98490160
3874.38588764
3394.57190156
3393.95390158
3399.83090140
3887.93088725
3391.62590164
3399.88790140
3392.91290161
3393.82190158
3386.18090180
3393.81590158
3394.24790157
3393.21890160
3388.97390172
3388.43990174
3394.43090156
3387.70190176
2906.20191572
3387.72590176
2899.01091593
3387.81890175
2898.80391593
3386.28290180
3393.75890158
3396.84590149
3387.78590175
3386.39990179
3885.50988732
3386.24990180
3881.24088744
3396.51290150
3880.65288746
3385.14290183
3870.68688775
3391.80890164
3878.17188753
3870.83388775
3383.35190188
3871.67688772
3875.85588760
3868.40088782
3879.51288749
3868.60188781
3867.79488783
3860.80488804
3859.97688806
3858.47088810
4341.06887411
3857.65788813
4342.31387407
4338.65387418
4345.99787397
4357.83587362
4359.20987358
4360.22087355
4350.15887385
4359.10487359
4368.40487332
4370.62487325
4368.53387331
4366.61987337
4368.49487331
4359.41687358
4349.76287386
4358.20187361
4361.80487351
4360.31987355
4349.27987387
4359.05087359
4350.80987383
4355.48687369
4369.46087329
4358.87087359
4367.85887333
4359.10487359
4367.48387334
4358.61587360
4369.14287329
4360.13687356
4349.77187386
4340.27087413
4347.96287391
4348.12787390
4346.81687394
4350.53987383
4356.32087367
4338.86687417
4338.53087418
4347.40787393
3870.16488777
4347.51887392
4337.86187420
4347.78287391
3869.55288778
4357.79687362
4360.60787354
3876.31188759
4371.87587322
3874.55388764
4363.92287345
3870.66588775
4354.55687372
3867.65688784
3863.32188796
4343.61287404
3879.71088749
3869.71488778
3881.12088745
3888.47988723
3887.79588725
3880.19688747
3880.94088745
3398.93990143
3888.58788723
3396.44990150
3880.91388745
3380.50490197
3395.72390152
3386.51990179
3381.21890194
3388.79090173
3389.31590171
3387.35990177
3387.31190177
3395.11490154
3392.39690162
3394.11890157
3392.81690161
3392.24090163
3391.76990164
3384.96290184
3384.41690185
3387.23090177
3400.75490138
3393.05390160
3395.80490152
3392.69990161
3384.79490184
3382.82090190
3384.26090186
3380.88890195
3385.45790182
3883.72188737
3392.21990163
3396.83990149
3888.64488723
3397.94990146
3880.00788748
3873.71088766
3385.35890182
3882.81288740
3871.56588772
3869.53188778
3878.02788754
3880.86288745
3886.91688728
3885.66588732
3880.39188747
4374.68087313
3879.59688749
3871.40388773
4357.04987365
3862.47288799
4347.15587393
3869.83188777
4356.29687367
3870.51588776
4355.54987369
4356.42587366
3870.00588777
4367.95787333
4357.61687363
3887.65788726
4365.11087341
4357.39187364
3871.32288773
4380.36287297
4358.45687360
4350.43487384
3868.38588782
4350.19487384
4378.62587302
4375.65587311
4370.66087325
4370.30687326
4369.67687328
4362.52487349
4361.24387352
4371.15887324
4360.61087354
4362.82187348
4349.44787387
4359.87887356
4350.87587382
4360.89887353
4371.31187323
4370.60387325
4361.21087352
4352.53187378
4360.96787353
4361.07287353
4845.32085949
4358.04887362
4347.80087391
4359.84887356
4367.34287335
4848.58185939
4357.83887362
4365.32087341
4344.12587402
4855.00785920
4363.58087346
4362.46487349
4361.42987352
4352.30387378
4858.43985911
4368.78887331
4350.03887385
4348.63487389
4353.62987374
4833.15285984
4348.36487390
4359.24887358
4359.34787358
4843.08585955
4357.30187364
4348.06487391
4350.44687384
4843.34985954
4355.30087370
4359.59387357
4363.70387345
4821.37186018
4350.31187384
4352.18687379
4835.52285977
4349.66087386
4352.18987379
4358.55287360
4843.35285954
4358.70287360
4368.78587331
4368.39887332
4858.29885911
4359.25187358
4358.69987360
4347.68087392
4359.60887357
4348.75187389
4348.92587388
4349.51087386
4349.72687386
4349.39987387
4339.87787414
4350.05687385
4358.69687360
4350.05387385
4351.31087381
4350.28487384
4356.80387365
4349.89487385
4349.80487386
4342.08887408
4356.26087367
4370.40287326
4358.54087360
4349.70887386
4360.11887356
4351.14587382
4362.33587349
4353.01487376
3869.92788777
4351.75187380
4357.31987364
4354.37687372
3877.66488755
4364.36087343
4358.27987361
4376.38787308
3887.66688726
4348.78787389
4348.30787390
3864.44688793
4357.31387364
3876.33888759
4377.96587304
3889.58388720
4378.54187302
3881.69688743
4372.47287320
3879.89988748
3883.60188738
4378.91387301
3891.75888714
3880.64388746
3867.59388784
3865.01988791
3873.72588766
3865.01388791
3865.30188791
3863.62788795
3863.98788794
3863.96988794
3864.32988793
3872.35188770
3872.11188771
3392.28290162
3890.03988719
3882.44088741
3393.14690160
3882.26088741
3391.80590164
3870.48888776
3389.02490172
3866.87988786
3382.90490190
3384.56990185
3377.39090206
3867.60888784
3379.51790199
3378.88490201
3390.11390169
3397.11890148
3399.18890142
3392.44790162
3384.91790184
3384.25790186
3385.49690182
3383.72090187
3377.88890204
3377.37290206
2899.04091593
3383.75390187
2897.49891597
3383.67890187
2900.72991588
3390.41690168
3384.06890186
3388.63190173
3384.65390185
3384.55490185
3877.39488756
3390.71090167
3880.49388747
3387.33590177
3871.59588772
3383.09690189
3883.43988738
3392.28590162
3882.56088741
3889.33188721
3889.24188721
3399.00290143
3882.34188741
3888.93588722
3885.06888733
3879.95688748
3877.35888756
3879.97788748
3880.63788746
4370.55287325
3883.75488737
4361.88587351
3872.99388768
4358.77787360
4369.02887330
4359.64187357
4369.43087329
4378.90787301
4379.87087298
4367.51087334
4369.63487328
4370.44787326
4368.12287332
4367.83487333
4376.35187309
4355.93987368
4367.27087335
4373.59787317
4365.67787340
4365.05987341
4374.82487313
4363.90487345
4373.67587316
4351.44887381
4351.71887380
4353.90887374
4352.54387378
4360.60187354
4360.43087355
4370.29187326
4368.29387332
4370.45087326
4369.87187327
4365.19787341
4359.26087358
4358.40587361
4349.33087387
4348.00487391
4338.15587419
4348.51787389
4347.40487393
4351.01387382
4348.84787388
3858.66888810
4339.19987416
4350.61187383
3864.10788794
4351.31687381
4350.96887382
3868.09188783
4349.47187387
3866.68488787
4364.18387344
3873.18588768
4360.53587354
3855.30588820
3876.05088759
4347.85787391
3858.04788812
3856.20588817
3865.28388791
3882.03888742
3881.13888745
3880.85088746
3877.06788757
3863.11188797
3385.13990183
3870.72588775
3386.01890181
3380.76290196
3378.66290202
3386.06690180
3392.26790162
3394.25990157
3394.52090156
3387.55190176
3387.09290177
3380.23490197
3382.31390191
3381.65990193
3376.06190209
3383.34890188
3377.24090206
3377.60690205
3386.04290180
3384.27290186
3384.92690184
3391.35890165
3398.65490144
3399.84890140
3398.55590144
3394.09790157
3392.16590163
3386.17790180
3385.42190182
3400.24490139
3882.83388740
3392.86790161
3870.11688777
3387.66890176
3872.90688769
3391.67690164
3876.21588759
3876.10788759
3873.58488767
3890.39388718
3890.96388716
3875.87688760
3873.14688768
3877.78788754
3875.11188762
4358.25587361
3886.71888729
3888.56688723
4368.32987332
3880.19388747
4376.43287308
3889.19388721
4378.57487302
3877.33188756
4357.00187365
4356.86387365
3864.31188793
4356.93887365
4358.03087362
3865.83888789
4354.57487372
4365.54587340
3874.21788765
4358.93987359
4358.08487362
4357.39187364
3865.15788791
4367.90987333
4356.44687366
4346.20187396
4343.89487403
4354.64687372
4357.46987363
4356.22787367
4357.28087364
4357.36487364
4355.75087368
4363.70087345
4365.40187340
4363.54787346
4364.84687342
4365.38687340
4368.61487331
4376.78387307
4358.84387359
4357.43387363
4358.47487360
4347.71987392
4834.79685979
4347.70787392
4377.21587306
4368.37187332
4857.93585912
4351.76987380
4349.89787385
4348.79087389
4359.37787358
4834.47885980
4349.58587386
4351.38287381
4360.00787356
4367.14787335
4855.66785919
4362.33587349
4360.75187354
4362.88787348
4382.36387291
4870.48485876
4371.60887322
4352.20487379
4360.87487353
4846.68885945
4358.78987360
4362.28487349
4379.47787300
4847.07285943
4359.86387356
4345.85387397
4347.73787392
4830.02385993
4365.04787341
4356.14087367
4366.64087337
4854.28485923
4367.14787335
4364.68787342
4362.30287349
4829.40585995
4354.03187373
4370.53487325
4361.22587352
4849.59585936
4339.03787417
4361.28287352
4360.74587354
4368.57287331
4368.77387331
4351.37087381
4362.50987349
4359.35987358
4360.82687354
4338.02087420
4342.02887408
4347.90887391
4352.39087378
4350.45887384
4348.28387390
4349.44787387
4349.76287386
4346.88887394
4340.31887413
4351.22387381
4370.69087325
4346.75687394
4342.05887408
4348.33187390
4359.35387358
4364.95187342
4357.06487365
3865.28388791
4347.36287393
4337.96687420
4357.67987363
3871.89288772
4350.43487384
4349.27987387
3867.29088785
4348.82687388
4348.79087389
3864.55188793
4359.19787358
4370.07587327
3874.43388764
4349.30387387
3866.85888786
4358.96987359
3873.10188768
4357.58687363
3875.50188761
3873.75588766
3882.98088739
4350.32987384
3875.11488762
3882.65388740
3872.32788770
3868.38888782
3867.52188784
3870.53088775
3874.13688765
3884.79588734
3868.51488781
3867.89088783
3869.09688780
3879.59988749
3398.86790143
3862.20888800
3384.60890185
3888.39588724
3399.10490143
3881.28888744
3396.34790151
3889.71888720
3392.58890161
3394.95890155
3890.93988716
3393.57590159
3388.91690172
3385.76390181
3380.85590196
3394.74590155
3394.03790157
3393.41090159
3393.51890159
3392.92490161
3392.40590162
3392.06990163
3384.86990184
3387.38690177
2900.38491589
3392.76890161
2907.23991569
3392.31290162
2911.72191556
3387.27590177
3387.14990177
3392.60990161
3398.49890144
3398.67590144
3389.87990169
3881.98188742
3392.04290163
3885.25188733
3391.38890165
3877.74288755
3386.74490178
3875.90388760
3391.50890165
3869.94888777
3878.46588752
3872.22888771
3871.22388773
3876.00288760
3873.32688767
3869.77788778
3872.19288771
3877.02288757
3872.33988770
3868.03188783
4365.74687339
3873.75888766
4357.15787364
4365.26387341
4366.00487339
4365.91787339
4366.53887337
4375.96787310
4365.98987339
4367.56787334
4370.13587327
4378.65587302
4379.95187298
4369.06187330
4378.34087303
4378.98887301
4372.89287319
4360.61387354
4370.48687326
4367.93387333
4372.01687321
4859.67585907
4369.99487327
4382.18387292
4381.72187293
4369.04087330
4370.20787326
4381.01087295
4381.28687294
4382.11487292
4380.98387295
4361.21987352
4363.44287346
4358.19587361
4368.68987331
4369.77887328
4369.69787328
4368.76487331
4368.73187331
4368.89987330
4368.25487332
4367.78687333
4365.84287339
4356.46487366
3870.47088776
4354.09187373
4365.46787340
4365.57587340
3868.68588781
4351.43387381
4352.24687378
3871.04688774
4342.82087406
3876.05388759
4359.59387357
3874.11288765
3873.79788766
4359.94487356
3870.47388776
3872.45388770
3870.30588776
3866.99988786
3883.12188739
3881.50788744
3868.50288781
3871.01388774
3386.30690180
3863.63988795
3380.71790196
3379.98290198
3379.43090200
3386.89790178
3387.76790175
3380.46590197
3387.37190177
3379.79690199
3381.38990194
3387.55490176
3387.68690176
3386.31890180
3372.70190219
3371.58290222
3371.66090222
3372.03890221
3374.44190214
3386.36990180
3391.35890165
3391.63790164
3385.55690182
3379.80890199
3378.47090202
3379.93790198
3371.78090222
3394.93790155
3386.35490180
3386.02790181
3873.06288768
3385.60790182
3874.03488765
3385.08590183
3867.54588784
3387.76490175
3875.89488760
3874.70688763
3881.25588744
3866.48388787
3869.56188778
3865.47288790
3868.61688781
3865.43388790
3878.74188752
3875.41488761
4364.33387343
3862.83588798
4367.12087335
3877.70388755
4368.22787332
3889.82088720
4378.72487302
3880.52388746
4348.04987391
4358.17487361
3872.99688768
4369.00487330
4369.69187328
3882.37788741
4360.33187355
4350.59987383
3865.72488789
4360.51487355
4372.78187319
3874.12488765
4353.78587374
4352.50187378
4379.54087299
4369.25087329
4359.09887359
4358.94587359
4365.17387341
4366.66487337
4357.67687363
4377.05087307
4368.09287333
4367.60087334
4361.63087351
4348.64387389
4349.38787387
4358.10287362
4363.50587346
4350.20687384
4356.13787367
4365.97487339
4367.30987335
4367.22887335
4841.51385960
4356.24587367
4361.94287350
4360.07687356
4856.47785916
4376.55587308
4377.67187305
4367.68487334
4845.08685949
4356.96587365
4362.73487348
4365.84587339
4355.46887369
4849.40385937
4364.33087343
4363.10987347
4356.26087367
4366.19087338
4853.98185923
4355.84687368
4359.43787358
4357.16687364
4831.75785988
4353.98087373
4346.54387395
4355.66387369
4832.33085986
4351.16987382
4348.96187388
4370.65787325
4859.17485908
4377.98687304
4368.94487330
4371.53987323
4853.84385924
4360.69787354
4369.15487329
4360.85387354
4859.45685908
4379.44187300
4368.50987331
4369.85387327
4871.51085873
4359.90587356
4362.28787349
4370.50487326
4369.06187330
4381.60787293
4382.09387292
4379.46887300
4379.06387301
4378.54487302
4372.59287319
4379.22587300
4367.97287333
4377.26387306
4376.46587308
4375.84187310
4367.67287334
4377.41087306
4369.49687328
4376.08487309
4374.92087313
4356.86087365
4364.73287342
4352.66387377
4361.48987352
4351.43687381
4349.55587386
4348.95887388
4370.45987326
3873.77088766
4366.55387337
4349.42687387
4348.24787390
3856.66488816
4340.00087414
4351.41587381
4349.21387387
3865.82988789
4348.57787389
4349.49887386
3863.05488797
4348.85087388
3865.58388790
4361.94587350
3874.86588763
4366.89887336
3873.18888768
4360.03187356
3874.41288764
3863.36988796
4351.54187381
3875.75388760
3867.98988783
3855.30888820
3856.28688817
3865.67688790
3868.06488783
3869.74188778
3875.50788761
3863.14788797
3866.40888787
3862.91688798
3871.28088773
3880.27488747
3393.58190159
3875.54688761
3386.59190179
3862.83888798
3378.55190202
3866.28288788
3380.43590197
3855.23688820
3386.84990178
3387.79190175
3873.45588767
3375.22190212
3374.81990213
3379.98890198
3384.89090184
3388.21490174
3380.47490197
3387.56690176
3384.90590184
3383.32190188
3390.35690168
3395.99090152
3395.18990154
3397.64690147
2908.22091566
3390.44390168
2894.92191605
3392.65490161
2910.22791560
3392.64590161
3399.89390140
3385.36790182
3386.23190180
3392.95790160
3393.00890160
3882.94488739
3395.48390153
3891.53988715
3394.97090155
3883.64388737
3388.11290174
3871.57788772
3388.93490172
3870.86988774
3876.14688759
3874.51488764
3875.65188761
3864.53388793
3869.24088779
3873.51588767
3873.17088768
3879.28788750
3864.71988792
3875.26488762
4358.96987359
3869.81388778
4347.82187391
4367.11487335
3874.98888763
4376.51087308
4348.75487389
4345.97687397
4346.72087395
4357.08587364
4378.24787303
4366.99187336
4357.79687362
4359.75287357
4377.82487304
4357.66787363
4358.10287362
4368.02687333
4358.76287360
4367.80187333
4365.66887340
4356.41387366
4356.98687365
4344.26987402
4353.63587374
4363.38887346
4365.50087340
4366.99787336
4365.27287341
4375.23587312
4376.82587307
4376.53787308
4358.09687362
4365.93287339
4366.10387338
4366.99487336
4369.07687330
4361.40587352
4356.71987366
4347.40187393
4367.63687334
4360.71587354
4360.37687355
4379.22287300
3879.92988748
4360.27187355
4359.32087358
4358.63387360
3890.92488716
4372.63187319
4380.88787295
3882.87288740
4370.35487326
3882.97188739
4372.52087320
3873.96288766
4358.26487361
3884.57088735
3873.65688766
3883.08288739
3883.98288736
3882.57588741
3881.11488745
3874.39488764
3873.50688767
3881.76588743
3393.14090160
3871.81788772
3392.51090162
3863.90088795
3382.24790191
3384.80390184
3384.79490184
3383.97590186
3378.23690203
3383.35790188
3378.70490202
3376.61090208
3383.14190189
3387.89090175
3384.20390186
3390.44990168
3393.37490159
3383.56190188
3386.83490178
3379.13390201
3371.78390222
3378.88790201
3378.92090201
3385.50290182
3386.26190180
3378.78890202
3378.23990203
3379.28090200
3380.96990195
3875.86488760
3381.47990194
3380.96690195
3865.33188791
3380.66690196
3858.69288810
3378.38390203
3863.06088797
3863.14788797
3870.53688775
3857.01888815
3856.03188818
3856.29888817
3865.65888790
3874.95588763
3869.99988777
3862.65288798
4358.42387361
3857.84688812
3868.35888782
4357.85687362
3882.20088742
4348.94387388
3858.07488812
4349.52287386
3871.49088773
4349.54987386
4348.04387391
3854.99388821
4358.54987360
4348.33187390
3866.11188788
4346.47187395
4357.02287365
3873.65988766
4357.06487365
4360.09787356
4359.39587358
3865.30188791
4363.77887345
4371.61487322
4344.01787402
4344.04487402
4354.20287373
4362.35087349
4354.85087371
4344.82187400
4364.65187343
4376.72687307
4362.29987349
4376.21987309
4376.38187308
4376.76887307
4362.18587350
4367.46287334
4371.56087322
4369.50887328
4370.45387326
4351.12487382
4351.18787382
4844.63685951
4351.56887380
4362.93587347
4370.36387326
4858.72785910
4380.17387297
4350.42887384
4350.21887384
4348.92287388
4869.23685879
4369.70987328
4367.84387333
4367.54387334
4357.89587362
4853.60385925
4366.66487337
4377.40187306
4365.39587340
4368.68387331
4857.25485914
4357.63187363
4366.32887338
4356.01187368
4851.26385931
4346.56187395
4359.56387357
4365.65387340
4853.18085926
4368.38387332
4357.62887363
4370.60387325
4865.84085889
4357.12487364
4347.93587391
4355.59787369
4845.10785949
4373.84687316
4369.95587327
4365.63887340
4841.48385960
4365.77987339
4365.96287339
4366.54787337
4366.21787338
4865.54085890
4357.85687362
4356.84587365
4357.55687363
4368.31487332
4366.48487337
4355.03687370
4356.18587367
4358.00387362
4358.30687361
4350.01487385
4350.01787385
4348.42787390
4352.32487378
4351.10687382
4350.76787383
4361.01287353
4377.86687304
4379.12387301
4368.42887332
4365.91487339
4366.38587337
4371.10487324
4361.76887351
4367.01287336
4360.94387353
3869.47188779
4359.51287357
4361.11487353
4359.52487357
3866.10588788
4350.83987383
4349.91287385
4359.80087357
3875.33988762
4361.62787351
4362.59087348
3872.87988769
4359.00587359
3865.47888790
4348.03787391
3862.83288798
4347.76187391
3886.66488729
4365.13187341
3872.11488771
3862.25988799
4353.17087376
3867.84888783
3869.64588778
3862.64388798
3859.55088807
3864.57888793
3875.58888761
3871.13088774
3874.28988765
3878.61888752
3881.08488745
3880.51188747
3872.72988769
3879.48888749
3393.90890158
3880.66188746
3869.83188777
3379.83290198
3868.39788782
3385.88390181
3857.02788815
3381.39290194
3381.31190194
3864.04188794
3387.31490177
3387.28190177
3372.25190220
3382.58390191
3880.31688747
3372.33890220
3379.91090198
3390.97190166
3383.53790188
3380.86790195
3380.01890198
3372.64490219
3386.18990180
3382.64690190
2895.86091602
3385.69490181
2901.35391586
3385.94690181
2898.97191593
3386.90990178
3386.53790179
3374.44190214
3373.49390217
3381.63290193
3385.16090183
3866.63988787
3387.83090175
3882.78888740
3385.96190181
3873.33288767
3394.07690157
3881.01288745
3380.80190196
3866.96688786
3869.77188778
3867.06888786
3867.91488783
3867.38388785
3870.89388774
3870.24588776
3875.51388761
3874.65288764
3879.00888751
3879.46788750
3881.04288745
4368.56087331
3889.10688722
4370.74787325
4369.04387330
4359.65387357
4370.57987325
4350.97187382
4359.36887358
4368.91187330
4368.29687332
4361.48987352
4370.91287324
4370.60387325
4367.25287335
4367.88287333
4362.42287349
4350.84887383
4351.65587380
4360.78187354
4362.53987349
4368.58787331
4377.87287304
4362.09887350
4349.46287387
4347.59987392
4358.56187360
4367.00087336
4361.56487351
4359.02087359
4358.75987360
4367.73887334
4359.79487357
4377.56087305
4358.46587360
4346.75387394
4357.07387364
4360.75187354
4357.38887364
4367.88887333
4356.01487368
4348.63787389
4346.02187397
4356.87587365
3881.90088742
4357.56887363
4365.86087339
4366.48787337
3879.71688749
4372.88387319
4355.40887369
3868.45788781
4354.02587373
3870.55488775
4375.67387311
3886.53288729
4364.92787342
3871.54188773
3877.01388757
3880.52088746
3880.12188748
3877.71288755
3875.05788762
3877.22988756
3874.27488765
3881.40288744
3391.51490165
3888.34188724
3392.08190163
3872.87088769
3378.96590201
3389.56790170
3400.39190139
3387.06890178
3388.02290175
3391.45790165
3382.29890191
3389.93690169
3395.46890153
3394.01690157
3403.93490129
3396.05690151
3395.97290152
3395.42390153
3395.62490153
3396.12890151
3388.39790174
3382.67690190
3383.18690189
3388.03790175