521437.29352144
521352.32752135
521491.60252149
520504.20652050
520620.28252062
521519.34652152
520542.23752054
520624.09552062
520603.26352060
173366.24417337
92589.38409259
92585.53809259
218838.17721884
279407.41527941
375311.71537531
520458.19252046
520416.45052042
520443.77452044
520415.35252042
520546.74952055
520491.03352049
520611.81052061
520615.08352062
520531.03252053
520609.28752061
520608.75952061
520570.65952057
520627.59052063
520600.39252060
334947.70533495
127942.98312794
92592.69609259
77434.47607743
77438.20507744
77437.14607744
117817.72511782
168299.20216830
193546.52419355
223842.45622384
259231.28725923
314718.84631472
520454.29852045
520462.91752046
520643.48452064
520578.32152058
516720.67851672
390478.02339048
415869.01241587
324956.70032496
299697.09029970
233975.06423398
188530.26918853
138062.68213806
102701.98510270
62294.84706229
62284.99206228
62294.97306229
62292.01806229
62290.59306229
62296.80006230
67349.62806735
107748.39010775
117854.63111785
127944.43812794
138044.13613804
138018.50413802
148112.80814811
148161.58814816
153188.80515319
148164.96914816
153210.53715321
148123.56014812
148145.67914815
269365.28126937
143110.80314311
102686.10010269
87534.59708753
67351.53306735
57239.19005724
52195.33805220
52202.87105220
52189.47905219
52196.97905220
52194.49505219
52202.44805220
52199.92205220
52193.89505219
57239.47205724
57248.19605725
57249.61205725
72390.01207239
72404.70007240
77454.90007745
72393.27607239
77457.36607746
72405.93907241
67361.55906736
67360.39206736
62304.42006230
62294.61306229
57256.56005726
57247.73105725
52194.07505219
52209.75305221
52205.27405221
52195.64405220
52203.11405220
52201.81205220
52207.20305221
52202.01905220
52203.38405220
52200.35105220
52199.05805220
52205.31305221
52212.28805221
52195.74005220
52202.79005220
52211.18105221
52203.20405220
52203.70805220
52203.54605220
52210.11005221
52204.04105220
52209.23105221
52203.14105220
52210.14005221
52208.23205221
52212.24905221
52200.35105220
52214.18105221
52213.61105221
52212.40505221
52204.70405220
47156.55304716
52195.62305220
47148.54004715
47151.04204715
47148.80104715
47144.24104714
47150.58604715
47157.77704716
47162.25304716
47154.44104715
47155.77004716
47146.36204715
47150.50504715
47149.05904715
47155.87804716
47148.41104715
47156.60404716
47153.85604715
47153.82304715
47153.35504715
47148.76804715
47153.61004715
47153.07304715
47152.23604715
47150.76904715
47154.28804715
47153.55004715
47151.19204715
47152.05004715
47150.49304715
47145.04204715
47147.34304715
47141.54404714
47141.62804714
47147.13304715
47150.16304715
47146.46104715
47144.05504714
47146.26904715
47152.73104715
47151.93904715
47154.55204715
47148.22804715
47153.88004715
47151.64804715
47151.76804715
47146.53904715
42104.76604210
42100.64704210
42104.90704210
42109.19104211
42108.21904211
42102.75304210
42105.72904211
42109.39804211
42112.35904211
42098.19004210
42102.48304210
42098.34604210
42096.19504210
42096.95704210
42102.41704210
42100.39504210
42100.91104210
42096.96004210
42098.52004210
42105.14704211
42104.98504210
42111.15304211
42111.34204211
42106.65004211
47152.97704715
42103.28704210
47152.33504715
42103.75504210
47150.75704715
47151.67504715
47154.80404715
47149.28404715
47149.92004715
47159.93404716
47160.63304716
47163.47104716
47160.78004716
47151.65404715
47159.09404716
47158.52704716
47156.36104716
47148.37804715
47156.55004716
47152.35304715
47150.58604715
47160.29104716
47161.23304716
47157.93904716
47159.33104716
47153.45704715
47155.63204716
47162.95804716
47158.90504716
47158.10704716
47164.20004716
47151.78904715
47152.45204715
47156.51704716
47159.66704716
47154.27604715
47161.66504716
47151.40204715
47158.76104716
47157.94204716
47149.89004715
47150.60104715
47152.56004715
47158.41004716
47149.16704715
47146.99804715
47150.00104715
47160.47704716
47151.26404715
47160.04804716
47162.27704716
47156.03704716
47154.34204715
47157.84604716
47151.91804715
47151.49504715
52204.44905220
47156.59204716
52206.93305221
47148.26404715
52198.12505220
47150.55304715
52201.15505220
47150.66404715
52200.21305220
47150.96104715
52197.03605220
47150.30104715
52211.69105221
47161.87204716
52214.33105221
52203.63605220
52201.90505220
52201.62605220
52198.79705220
52198.90805220
52201.16405220
52200.01205220
52207.68605221
52199.24705220
52198.13105220
52200.78605220
52209.21005221
52209.04805221
52202.87705220
52200.18305220
52199.97005220
52198.62605220
52210.24205221
52211.49905221
52203.40805220
52210.62605221
52207.64705221
52210.25405221
52209.35105221
52210.76705221
52210.98005221
52209.30905221
52203.23405220
52218.09905222
52213.88705221
52207.82105221
52205.00105220
47159.79904716
52204.78505220
47156.80204716
52205.38205221
47153.34304715
52205.26805221
47161.85404716
52200.57605220
47157.28504716
52207.27805221
47147.50804715
52199.28305220
47155.54204716
52207.22105221
47163.28504716
52201.26005220
47149.77004715
47157.03304716
47159.19904716
47149.80304715
47155.53604716
47155.39504716
47156.69404716
47149.73404715
47161.85104716
47157.40204716
47156.58304716
47151.72304715
47150.85004715
47151.00604715
47156.75404716
47159.30104716
47160.21604716
47162.79004716
47157.97204716
47154.14704715
47151.24004715
47156.67004716
47157.33304716
47156.96704716
47155.76704716
47151.88204715
47163.37204716
47158.25404716
47157.55804716
47157.43504716
47155.62604716
47163.43204716
47152.18504715
47157.47104716
47154.92404715
47155.58404716
47156.52304716
47158.36204716
47149.11004715
47148.11404715
47150.06404715
47155.79704716
47155.85404716
47155.26604716
47148.87904715
47148.30904715
47152.23604715
47163.40504716
47152.49404715
47160.25504716
47154.77404715
47157.43504716
47158.95004716
47161.29304716
47160.58804716
42110.17204211
47161.28404716
42107.82904211
47155.54204716
42107.58604211
42104.28904210
42111.03004211
42103.38004210
42110.31004211
42107.82304211
42103.91704210
42101.43604210
42101.28604210
42106.27804211
42110.67304211
42098.68504210
42100.60804210
42100.88404210
42108.72904211
42107.03104211
42102.56404210
42108.67504211
42101.45704210
42100.19404210
42100.57204210
42108.79504211
47148.46504715
42103.91404210
47152.89304715
47145.61804715
47148.43504715
47153.02204715
47153.69104715
47158.07104716
47156.20504716
47155.07104716
47152.96504715
47156.67304716
47155.88404716
47152.72504715
47151.00304715
47153.31904715
47151.05104715
47159.97304716
47153.90104715
47155.19104716
47170.36804717
47168.56204717
47165.04304717
47159.79904716
47163.30304716
47163.27604716
47156.32204716
47155.86004716
47152.37104715
52199.15105220
47147.47804715
52196.21705220
47154.42304715
52205.28605221
47157.38104716
52206.00305221
47156.27404716
52200.83705220
52199.20205220
52208.24405221
52198.14305220
52214.48105221
52211.95205221
52209.42305221
52206.18305221
52212.10205221
52197.23705220
52211.54105221
52204.91405220
52212.56405221
47164.33204716
52192.17005219
47152.69204715
52199.76005220
47152.86004715
52193.94005219
47152.28404715
52201.16405220
47152.92004715
47148.42304715
47156.01904716
47153.96704715
47148.57004715
47151.89404715
47149.57204715
47146.38904715
47151.55204715
47152.49404715
47146.63204715
47145.42304715
47151.36904715
47147.89804715
47143.00204714
47142.61804714
47151.68404715
47156.40904716
47149.94104715
47150.90104715
47149.06504715
47150.69704715
47146.80304715
47144.23504714
47149.68304715
47147.08204715
47152.52404715
47154.91504715
47147.76304715
47154.40804715
42108.51004211
47146.27204715
42109.69204211
42104.34904210
42108.12904211
42107.01904211
42103.54804210
42102.84904210
42104.37604210
42107.26504211
42101.51404210
42100.90504210
42105.99604211
42099.03304210
42097.15804210
42104.22304210
42100.39804210
42103.07104210
42101.88304210
42107.19304211
42110.37304211
42108.36604211
42114.45304211
42114.84004211
47162.71504716
42113.24404211
47162.15704716
42109.17304211
47158.55404716
47157.68704716
47156.66404716
47157.11104716
47154.34204715
47163.68104716
47155.94704716
47159.95204716
47159.42704716
47159.01904716
47162.03104716
47168.03404717
47161.19704716
47163.84904716
47161.38304716
47162.73904716
47169.29704717
47162.51404716
47166.44704717
47168.57704717
47166.72604717
47156.19904716
47155.60204716
47149.91404715
47149.35004715
47151.32704715
47150.91304715
47154.58804715
47155.54804716
47158.84804716
47155.81204716
47149.68304715
47149.50604715
47149.31704715
47155.42804716
47149.34404715
47156.20804716
47154.42004715
47147.34904715
47153.72104715
47153.87404715
47154.61204715
47155.60504716
47147.54404715
47159.07004716
47158.35604716
47154.52504715
47160.41704716
47152.65604715
47156.06404716
47156.62204716
47150.59804715
52197.41405220
47159.37304716
52207.56605221
47151.27004715
52198.14305220
47155.14904716
52200.32405220
47155.27504716
52205.30405221
47159.73604716
52197.92105220
47156.56204716
52207.90505221
47156.77804716
52207.76705221
52199.00705220
47154.02404715
52201.10405220
52203.00305220
52197.65105220
52198.87805220
52204.83905220
52201.97705220
52202.03705220
52200.00005220
52194.90905219
52193.10905219
52204.10705220
52203.01205220
52203.77705220
52196.34305220
52196.37905220
52205.15405221
52208.99405221
52210.87805221
52202.87105220
52195.89605220
52194.42605219
52202.53205220
52195.80905220
52195.48805220
52201.89905220
52198.92005220
52203.89405220
52198.94705220
52195.83005220
52200.08705220
52207.66205221
52202.45705220
47154.91204715
52195.29905220
52209.87305221
47149.30204715
52202.22005220
47155.81204716
52211.67005221
47154.87604715
52203.54905220
47162.14204716
52206.91205221
47157.27004716
52207.70105221
47160.61804716
52206.20705221
47154.92404715
52196.62805220
47155.65004716
47151.87304715
47157.12304716
47155.32904716
47160.82204716
47157.24304716
47158.14004716
47149.42804715
47156.69404716
47146.32604715
47147.71204715
47150.09404715
47150.71504715
47156.75404716
47152.86904715
47158.44604716
47157.07204716
47150.35504715
47149.64404715
47149.68604715
47159.86804716
47152.89604715
47148.78304715
47156.86504716
47147.96704715
47147.20204715
47147.78704715
47152.69204715
47159.57704716
47162.25604716
47159.14204716
47157.21904716
47157.36304716
47153.99104715
47158.53904716
47160.38404716
47155.06804716
47154.19504715
47164.92904716
47166.95104717
47163.90304716
47166.00004717
47155.24504716
47165.31604717
47170.34704717
47169.75004717
47158.40104716
47166.80404717
47154.67804715
47156.31304716
47155.08004716
47158.68904716
47148.29104715
47150.33104715
42100.48804210
47146.64704715
42102.92704210
47144.80204714
42098.95204210
42100.39504210
42108.18904211
42105.18304211
42106.08004211
42099.47104210
42104.64604210
42096.86104210
42097.03804210
42098.88304210
42105.99604211
42097.93504210
42098.41804210
42094.71604209
42095.83804210
42101.96704210
42108.17104211
42097.25704210
42099.06004210
42102.47404210
42099.57904210
42101.46304210
47152.82404715
42099.52504210
47142.51004714
47143.54504714
47148.92104715
47143.47604714
47142.83104714
47146.99804715
47146.84804715
47153.53504715
47153.57104715
47149.99804715
47151.94804715
47143.50904714
47145.95404715
47149.65904715
47144.13604714
47146.07704715
47145.41704715
47150.68804715
47148.18604715
47144.48404714
47146.02004715
47143.20304714
47153.73004715
47154.36004715
47149.99804715
47152.71004715
47151.00904715
52198.09505220
47150.37904715
52199.19905220
47156.81104716
52206.25205221
47154.66004715
52195.61405220
47146.00504715
52196.14805220
52211.46605221
52211.65505221
52203.70505220
52213.17005221
52205.36405221
52202.27105220
52206.56705221
52200.68105220
52206.73505221
52197.32405220
52195.39805220
52203.89105220
47154.85504715
52200.13505220
47152.09804715
52201.41305220
47158.58704716
52203.46805220
47154.57604715
52200.99305220
47150.39104715
52198.90805220
47156.42104716
47155.69504716
47155.31404716
47149.72504715
47153.20504715
47154.87604715
47161.04104716
47151.98704715
47154.00304715
47153.25004715
47149.88404715
47157.77104716
47154.28504715
47152.69504715
47154.39604715
47159.83204716
47152.25104715
47149.47304715
47146.80004715
47153.05504715
47155.25104716
47149.96804715
47150.72404715
47152.17304715
47158.09204716
47158.06804716
47150.46904715
47148.20704715
42105.00304211
47153.27104715
42108.13504211
42097.18504210
42104.55304210
42106.64104211
42106.81804211
42108.49804211
42109.69504211
42107.80504211
42102.69904210
42104.30704210
42109.30804211
42106.18204211
42109.95304211
42102.03304210
42099.60904210
42112.26604211
42105.19504211
42107.70904211
42107.75704211
42108.12304211
42106.45804211
42107.38804211
47161.32004716
42103.63504210
47148.99604715
42106.62304211
47148.85204715
47153.95804715
47153.37904715
47161.95904716
47153.51404715
47158.26304716
47157.31804716
47157.17104716
47150.95804715
47148.76204715
47148.64504715
47147.12104715
47148.39904715
47152.66504715
47151.96604715
47150.12404715
47150.67904715
47149.73104715
47155.37404716
47153.97004715
47151.72304715
47155.62904716
47150.94304715
47150.04004715
47150.14504715
47150.73004715
47160.45304716
47152.25404715
47154.81904715
47157.06604716
47154.62104715
47156.58304716
47152.42804715
47149.98604715
47156.21404716
47154.48304715
47156.12704716
47156.70004716
47150.18104715
47148.86704715
47157.43504716
47158.78804716
47155.31704716
47163.40504716
47157.40504716
47158.70704716
47150.01304715
47156.55304716
47162.19604716
47153.55604715
47154.95704715
47158.02604716
52209.40205221
47149.32904715
52196.40305220
47149.72204715
52203.26705220
47155.71604716
52194.24005219
47154.16204715
52202.93705220
47148.65104715
52209.37805221
47151.15004715
52201.47605220
47152.75204715
52201.02305220
52201.53305220
47152.72504715
52196.02805220
52203.72605220
52195.07705220
52202.45405220
52206.31805221
52203.81905220
52202.54105220
52194.07505219
52194.42605219
52193.84405219
52202.03705220
52198.10405220
52199.58605220
52207.26005221
52207.19405221
52193.46305219
52195.69805220
52192.69805219
52195.65605220
52202.63705220
52205.32205221
52203.78005220
52194.69305219
52204.77905220
52210.32605221
52207.55705221
52209.12305221
52204.34105220
52204.84505220
52203.37205220
52203.78005220
52197.47105220
47148.85504715
52195.66205220
52202.91605220
47152.61404715
52199.69405220
47156.34604716
52196.31305220
47155.86604716
52196.58605220
47146.86304715
52194.00305219
47146.07104715
52205.21405221
47153.42104715
52193.94605219
47153.91904715
52202.38205220
47148.81604715
47151.36004715
47151.84304715
47149.40404715
47147.88004715
47155.72504716
47154.91804715
47156.32204716
47146.90804715
47148.92404715
47159.04004716
47152.57804715
47147.82904715
47153.25004715
47152.45204715
47156.44804716
47154.98404715
47157.18004716
47152.82104715
47156.34004716
47154.09904715
47153.45104715
47156.84104716
47153.03104715
47159.26504716
47158.95904716
47160.75004716
47151.69004715
47155.73704716
47150.35804715
47148.27004715
47156.94304716
47156.70304716
47150.81104715
47156.15104716
47151.21304715
47150.16904715
47150.03104715
47149.57804715
47157.14104716
47153.04004715
47159.00704716
47146.69504715
47153.12404715
47155.23004716
47155.34404716
47156.20804716
47157.50104716
47156.47804716
47155.35904716
47149.35304715
47145.04504715
47144.80804714
47153.58604715
42101.27704210
47147.67604715
42099.59704210
47148.59404715
42101.87104210
42103.50604210
42101.65804210
42106.16404211
42101.13604210
42101.86804210
42104.87704210
42100.74904210
42107.92204211
42105.01804211
42112.53604211
42104.86204210
42108.98704211
42106.35004211
42102.11104210
42104.22904210
42100.10104210
42099.13804210
42100.73704210
42099.99304210
42104.03104210
42098.65204210
42106.97404211
47152.24204715
47154.76204715
47150.55904715
47156.01304716
47153.72104715
47150.40304715
47149.03204715
47159.07904716
47154.06304715
47168.46004717
47164.88704716
47164.32604716
47159.89204716
47157.10204716
47160.37804716
47152.87504715
47161.45504716
47156.50504716
47165.95804717
47156.84704716
47158.97404716
47152.79104715
47158.57204716
47165.34904717
47158.14304716
47158.09804716
47157.82204716
47162.32804716
52213.48505221
47156.42404716
52203.58505220
47153.01904715
52200.55205220
47152.35004715
52202.97905220
47152.26904715
52216.97705222
52211.27105221
52213.13405221
52211.54105221
52214.61605221
52210.54505221
52210.28105221
52204.83305220
52202.82605220
52197.72605220
52199.85305220
52200.35405220
52196.07305220
47152.13104715
52193.73605219
47146.16104715
52203.71105220
47153.99404715
52200.09305220
47145.90604715
52193.19305219
47152.98604715
52197.09905220
47152.52704715
47149.54504715
47150.07304715
47152.34104715
47160.40204716
47160.22204716
47152.19704715
47153.11204715
47153.00704715
47151.60304715
47145.76204715
47151.88804715
47146.17904715
47145.21004715
47153.71504715
47155.32304716
47145.02104715
47154.66304715
47148.38704715
47148.48004715
47149.61404715
47150.85004715
47146.33204715
47160.30904716
47147.32504715
47150.64604715
47150.07904715
47149.81804715
42096.72904210
47147.49604715
42104.10604210
42098.46604210
42103.36804210
42097.81204210
42101.00104210
42103.38904210
42098.27704210
42106.71904211
42104.82904210
42098.54104210
42097.95904210
42104.58604210
42099.07504210
42106.57804211
42106.82704211
42101.03704210
42108.66604211
42101.62204210
42109.51804211
42101.65504210
42104.96704210
42099.39304210
47148.08704715
42103.15204210
47157.46504716
42098.90404210
47146.74904715
47149.37104715
47146.08304715
47145.90304715
47147.10604715
47148.87604715
47147.40904715
47151.38404715
47155.56304716
47156.38204716
47160.77704716
47151.49504715
47157.53104716
47163.65704716
47158.51504716
47155.49104716
47156.89804716
47154.38104715
47159.44504716
47166.02704717
47156.27404716
47157.53704716
47166.74404717
47163.49504716
47160.65104716
47169.69304717
47165.93704717
47161.68004716
47162.17804716
47162.84404716
47153.93704715
47149.97104715
47152.15504715
47154.26104715
47157.59404716
47154.35104715
47158.14004716
47158.49704716
47154.30604715
47148.32404715
47152.36504715
47148.41404715
47161.60204716
47157.57304716
47157.50404716
47161.30504716
47154.39004715
47154.71404715
47148.74404715
47147.86204715
47149.16704715
47151.90604715
47159.03704716
52202.61305220
47159.37004716
52204.80605220
47161.10104716
52195.58105220
47155.25104716
52198.40105220
47148.63604715
52203.99305220
47155.69204716
52205.80805221
47153.96104715
52200.07205220
47150.30404715
52198.13705220
52197.50705220
47155.65904716
52203.25505220
52208.80805221
52195.92605220
52205.30705221
52203.47405220
52202.47505220
52195.46705220
52195.42205220
52204.80905220
52200.05105220
52198.64705220
52204.78805220
52197.64505220
52203.57605220
52204.03805220
52201.99505220
52203.32705220
52194.84305219
52195.38605220
52195.91405220
52204.30805220
52200.59405220
52199.64305220
52196.15105220
52196.76605220
52198.09205220
52207.31105221
52209.46205221
52207.22405221
52204.23305220
52205.72405221
52203.81305220
47158.50304716
52204.54205220
47159.81704716
52196.30105220
47151.06904715
52195.08305220
47149.96204715
52199.57405220
47149.53904715
52205.79305221
47157.23104716
52202.09105220
47152.23604715
52201.38605220
47152.25704715
52203.89405220
47157.22504716
47154.06004715
47147.53804715
47155.78504716
47148.09304715
47147.68504715
47147.13304715
47155.16104716
47146.19704715
47148.11704715
47151.40504715
47150.88904715
47151.71404715
47148.63004715
47145.96904715
47151.61504715
47155.98304716
47155.12804716
47154.26404715
47146.75804715
47148.28204715
47153.70604715
47156.62504716
47156.87404716
47159.16604716
47146.79704715
47148.42604715
47154.04204715
47152.37104715
47146.97104715
47150.27104715
47153.47204715
47149.19404715
47146.95604715
47154.06604715
47160.10504716
47158.38604716
47161.28104716
47164.10704716
47160.88204716
47164.53904716
47165.63104717
47166.24004717
47166.15604717
47167.02904717
47166.87004717
47164.17004716
47156.44204716
47164.14304716
47163.93004716
47154.86404715
47161.88404716
47150.51704715
47163.11404716
47156.31904716
42107.38204211
47160.57604716
42108.06604211
42112.75804211
42106.59304211
42111.21004211
42109.44304211
42115.01704212
42108.38104211
42109.84804211
42104.35804210
42105.81604211
42111.42304211
42106.50304211
42102.06004210
42103.15204210
42110.91604211
42114.75604211
42108.72904211
42113.58004211
42113.22004211
42113.13904211
42111.75304211
42112.79104211
42098.74804210
42099.02404210
47143.43104714
42110.07004211
47149.67104715
47144.92504714
47143.49104714
47149.83304715
47152.89004715
47145.87004715
47154.32404715
47145.55504715
47152.07104715
47153.10004715
47150.65804715
47150.67904715
47145.51604715
47153.47204715
47146.06504715
47152.61404715
47146.61104715
47152.65304715
47151.81304715
47147.00704715
47147.53504715
47154.22504715
47143.29004714
47151.38404715
47151.52504715
47151.31504715
52196.97605220
47150.08504715
52190.93405219
47142.39604714
52193.65205219
47152.19104715
52192.87805219
47149.36504715
52194.15605219
52200.54005220
52199.48105220
52210.12205221
52207.67705221
52203.14405220
52204.19405220
52204.79405220
52196.93705220
52202.85005220
52199.48105220
52193.72705219
52193.66705219
47150.27404715
52201.47905220
47149.44904715
52197.61205220
47153.48404715
52201.22105220
47154.23704715
52202.31305220
47154.46504715
52203.04805220
47147.81404715
47147.64004715
47155.63504716
47154.30904715
47145.96604715
47149.83604715
47145.05104715
47151.15604715
47149.58404715
47153.97904715
47154.28804715
47149.79704715
47156.11804716
47151.91504715
47151.77704715
47149.71904715
47153.91004715
47156.14204716
47160.87904716
47156.53204716
47154.98404715
47148.04204715
47145.66604715
47151.38704715
47148.10804715
47151.99904715
47151.68704715
47145.05104715
42101.57704210
47152.36804715
42105.10504211
42102.94804210
42101.39704210
42104.94904210
42105.39904211
42100.33504210
42099.75904210
42106.21204211
42105.47704211
42111.19204211
42109.44904211
42102.59704210
42109.47904211
42101.59504210
42100.11304210
42104.40304210
42108.77704211
42100.72504210
42102.16204210
42102.82804210
42101.61904210
42103.81504210
47159.32804716
42105.64504211
47147.00104715
42102.94804210
47148.69004715
47154.95104715
47153.39404715
47148.36904715
47147.52004715
47158.03504716
47151.21004715
47152.02304715
47154.22504715
47155.27504716
47148.19204715
47150.07304715
47155.79104716
47153.25604715
47153.09104715
47150.30404715
47149.01404715
47156.55004716
47155.51504716
47149.47004715
47159.49004716
47151.82204715
47156.68504716
47155.99504716
47155.72204716
47146.31404715
47147.66104715
47149.52104715
47154.54604715
47157.50404716
47157.17404716
47149.28704715
47150.11804715
47156.11804716
47148.76204715
47157.00304716
47153.86204715
47150.14804715
47153.09704715
47158.13404716
47155.14604716
47154.18604715
47157.91504716
47160.29104716
47158.72204716
47159.67304716
47155.29904716
47153.16304715
47153.72104715
47152.88404715
47152.49104715
47154.30904715
47156.42104716
52206.67205221
47150.75404715
52198.07405220
47150.34004715
52196.70305220
47149.47004715
52196.82305220
47156.20804716
52199.67905220
47148.33904715
52195.01105220
47152.66204715
52203.63605220
47153.20804715
52200.87305220
52192.19405219
47148.34504715
52198.60505220
52201.54205220
52210.67405221
52199.15705220
52196.40905220
52205.52305221
52206.57305221
52201.03505220
52205.39105221
52206.37205221
52205.08805221
52196.00705220
52209.58205221
52202.29505220
52200.48005220
52200.76505220
52202.91905220
52196.48105220
52206.61205221
52212.38405221
52208.07305221
52209.79205221
52210.00805221
52209.66605221
52200.84305220
52202.63705220
52204.51805220
52201.98905220
52204.36505220
52203.27005220
52198.16105220
52196.39105220
47156.00104716
52202.44805220
47156.70304716
52196.55305220
47156.77204716
52204.33505220
47156.13904716
52196.37005220
47156.31004716
52194.26705219
47153.40304715
52200.12305220
47148.57004715
52193.50805219
47151.91204715
52198.41305220
47154.30304715
47150.37904715
47157.98404716
47156.53204716
47154.81604715
47153.51104715
47147.64604715
47147.23504715
47157.02404716
47146.73404715
47146.51204715
47146.95904715
47147.78704715
47152.95904715
47154.47104715
47155.54804716
47146.99504715
47153.32804715
47145.81604715
47154.86104715
47146.75504715
47154.29104715
47148.01804715
47149.07404715
47153.17804715
47159.40604716
47156.88904716
47154.84904715
47151.43204715
47157.52804716
47155.31704716
47155.61104716
47156.93104716
47156.83504716
47157.93904716
47157.44704716
47149.00504715
47152.44604715
47147.31604715
47150.47204715
47148.32704715
47149.25404715
47149.59304715
47149.34404715
47149.57504715
47150.13604715
47152.38304715
47149.74904715
47155.62904716
47155.07104716
47155.56004716
47154.88504715
47151.35104715
47158.35904716
47148.38704715
42104.00704210
47156.48404716
42107.03404211
42108.85804211
42106.23904211
42106.76104211
42103.16404210
42102.90604210
42100.84504210
42105.67504211
42101.27104210
42102.15604210
42110.67904211
42106.35604211
42114.57904211
42104.88904210
42106.03504211
42104.73004210
42100.63204210
42104.69704210
42102.34504210
42103.54504210
42108.01804211
42100.83004210
42102.11404210
42101.36404210
47149.95304715
42099.19204210
47145.30604715
47155.56904716
47155.67704716
47158.40104716
47156.32804716
47155.30804716
47160.36304716
47156.01904716
47156.43004716
47160.84604716
47165.24404717
47159.89204716
47159.58904716
47156.82604716
47156.49304716
47156.24404716
47159.17204716
47156.63704716
47165.00404717
47166.73204717
47164.71904716
47160.57904716
47163.44404716
47155.06204716
47153.19004715
47159.76304716
47159.90704716
52208.32205221
47162.48104716
52201.90205220
47150.78704715
52198.39505220
47159.39704716
52194.54305219
47158.17904716
52198.74005220
52207.74605221
52204.82705220
52196.09405220
52202.20205220
52197.67805220
52196.43005220
52202.94905220
52194.85505219
52190.56205219
52193.87105219
52195.42205220
47150.44504715
52194.66005219
47148.99304715
52189.15505219
47141.81404714
52187.88905219
47140.51204714
52190.44505219
47148.06304715
52197.70505220
47143.36204714
47149.13104715
47143.15804714
47148.73804715
47142.93604714
47148.64504715
47152.10404715
47152.76104715
47151.82804715
47142.29404714
47148.49804715
47142.68104714
47143.44604714
47145.69304715
47143.06204714
47141.38504714
47143.47904714
47149.40104715
47141.32204714
47151.44704715
47141.59504714
47154.38104715
47155.04104716
47150.81104715
47144.50204714
47148.31204715
47150.87704715
47144.21104714
42096.10504210
47150.06704715
42096.27604210
42101.35804210
42096.83704210
42099.17704210
42097.90204210
42101.49004210
42096.55804210
42104.84404210
42103.93504210
42095.64304210
42101.63404210
42101.83504210
42102.02104210
42100.30804210
42107.53204211
42100.08904210
42097.71304210
42093.36904209
42100.77004210
42095.08804210
42094.45804209
42094.67104209
42094.74904209
47145.29104715
42104.33704210
47154.27904715
47154.75904715
47148.06604715
47147.92804715
47147.31304715
47143.85104714
47145.16504715
47144.64004714
47152.46704715
47154.86704715
47161.40404716
47152.37704715
47158.55704716
47159.10304716
47152.34704715
47154.69004715
47163.28204716
47153.99704715
47154.12004715
47157.04804716
47161.33804716
47152.96504715
47153.44504715
47160.88204716
47151.25204715
47153.54404715
47158.18804716
47159.17504716
47159.28604716
47160.41704716
47157.61504716
47148.12004715
47144.58304714
47146.45804715
47143.85404714
47153.53504715
47147.82304715
47147.37904715
47148.50704715
47154.63904715
47151.88804715
47152.03204715
47153.57704715
47148.03604715
47146.14004715
47151.29104715
47151.30604715
47151.40204715
47147.72104715
47146.57804715
47145.46204715
47147.76004715
47151.91204715
47144.80804714
52194.36305219
47154.07504715
52198.28105220
47160.38104716
52202.67305220
47157.05104716
52199.64305220
47152.98004715
52201.56905220
47151.69604715
52192.66205219
47144.98804714
52203.55805220
47152.37704715
52194.68405219
52195.25705220
47154.78604715
52198.86305220
52196.09705220
52196.89805220
52204.12805220
52201.82405220
52205.30105221
52210.49705221
52205.69705221
52203.93905220
52193.22605219
52195.41905220
52208.06705221
52199.19305220
52198.71605220
52197.06005220
52203.54305220
52194.54005219
52204.53305220
52202.31305220
52202.34005220
52209.38105221
52206.47705221
52199.84705220
52206.11105221
52201.47005220
52198.41905220
52200.42905220
52207.95005221
52203.71105220
52201.90805220
52211.30105221
52210.15205221
47155.10104716
52206.21605221
52203.69905220
47156.38204716
52205.85905221
47153.40004715
52200.57305220
47149.42204715
52198.71005220
47155.22404716
52198.05305220
47149.62304715
52194.05405219
47155.59904716
52204.31105220
47157.36904716
47156.15704716
52201.26305220
47144.56804714
47144.85004714
47153.79904715
47157.93004716
47150.93704715
47157.42004716
47156.72704716
47153.14204715
47156.01004716
47155.32604716
47154.93304715
47150.21104715
47153.36404715
47147.20204715
47149.38604715
47145.65404715
47141.58304714
47153.93704715
47151.88204715
47145.48004715
47153.65504715
47150.52304715
47148.23104715
47151.02704715
47158.85404716
47153.98504715
47149.13404715
47150.87404715
47156.16904716
47157.26404716
47156.87104716
47155.79104716
47155.93504716
47156.72404716
47147.99704715
47154.02704715
47153.69404715
47149.27204715
47152.96204715
47154.41404715
47147.73304715
47150.62804715
47149.03504715
47154.91504715
47154.19804715
47158.46104716
47249.75404725
47144.55004714
47144.35804714
47146.47904715
47150.90404715
47151.70204715
47151.47404715
42096.92704210
47149.41904715
42103.18804210
47144.79904714
42098.47204210
42097.98304210
42103.02304210
42102.38104210
42103.14604210
42103.35004210
42103.23904210
42097.87804210
42104.24404210
42104.97004210
42103.62304210
42104.42104210
42100.24504210
42105.87304211
42101.21704210
42097.27504210
42107.93704211
42097.05904210
42099.26104210
42105.30904211
42098.92804210
42106.16104211
47153.40304715
42096.97504210
47148.92404715
47153.33704715
47147.68804715
47152.90504715
47146.74304715
47146.93504715
47142.11104714
47149.92604715
47153.60404715
47146.35904715
47154.33304715
47153.37604715
47154.87604715
47147.25004715
47155.27504716
47152.19404715
47152.35604715
47153.16004715
47151.81304715
47151.48604715
47144.96104714
47151.66904715
47144.94904714
47147.78104715
47144.28004714
47155.11604716
47157.22204716
52199.79005220
47148.41104715
52197.00605220
47153.41204715
52197.47105220
47148.82804715
52201.56605220
47151.90604715
52193.97305219
52194.23705219
52207.96205221
52208.89805221
52210.74605221
52201.26305220
52205.95805221
52204.88105220
52205.46905221
52201.55405220
52209.16205221
52203.70805220
47153.40004715
52207.06205221
47156.66104716
52201.35905220
47154.40804715
52205.70305221
47157.75304716
52204.35905220
47153.04904715
52200.43205220
47154.36604715
47154.56404715
47155.01704716
47150.73004715
47148.38404715
47151.09604715
47149.64104715
47144.19904714
47146.28704715
47147.90704715
47152.40704715
47155.15804716
47157.44104716
47152.21204715
47149.18204715
47150.06404715
47152.91104715
47152.02304715
47154.31504715
47153.52604715
47157.30604716
47153.88304715
47148.91204715
47153.93404715
47147.94304715
47155.20004716
47153.43604715
47147.92804715
47152.44604715
42099.89104210
42103.10404210
42101.55904210
42101.58004210
42108.50404211
42102.42604210
42101.96404210
42107.59204211
42105.96004211
42115.68604212
42104.41504210
42109.98904211
42101.95204210
42103.94404210
42102.12904210
42108.61204211
42104.52604210
42100.86904210
42104.07604210
42106.33804211
42109.06504211
42108.63004211
42106.83904211
42106.03204211
47161.20604716
42108.54004211
47153.21704715
42102.78304210
47155.64104716
47163.02104716
47155.52104716
47153.77804715
47151.62404715
47159.58604716
47159.17204716
47156.71804716
47149.15504715
47155.56604716
47156.30704716
47155.75504716
47157.86404716
47145.86104715
47147.44804715
47149.87204715
47149.47604715
47152.95904715
47153.32504715
47153.32204715
47157.11704716
47160.46804716
47152.74904715
47159.40004716
47161.40704716
47154.30304715
47156.52304716
47150.69704715
47152.41604715
47147.10904715
47150.84704715
47160.48604716
47160.90904716
47154.34504715
47153.77804715
47159.81404716
47153.13604715
47157.04204716
47154.82804715
47158.44004716
47148.63904715
47155.11904716
47150.15404715
47156.29504716
47151.62404715
47157.33904716
47159.41504716
47154.83104715
47156.66704716
47151.30004715
47161.76404716
47154.25204715
52202.54705220
47150.97304715
52200.41705220
47152.64104715
52198.88705220
47147.79004715
52207.17005221
47160.51304716
52198.02905220
47156.00704716
52200.77705220
47162.53504716
52204.28405220
47155.05604716
52194.24605219
52207.42805221
47157.26104716
52201.41905220
52206.68705221
52200.81605220
52209.16505221
52208.67605221
52205.99705221
52199.06405220
52198.33205220
52206.11405221
52198.34705220
52200.59405220
52198.23605220
52205.19305221
52198.31105220
52204.84205220
52199.33405220
52197.54005220
52207.23905221
52198.59605220
52198.49705220
52198.12205220
52203.50705220
52209.91805221
52203.58805220
52198.38905220
52211.32205221
52208.98805221
52210.70705221
52205.47205221
52203.92105220
52205.59505221
52205.26505221
47156.52604716
52197.85205220
52196.67305220
47156.65204716
52203.97205220
47149.33204715
52196.39405220
47154.16204715
52198.47005220
47155.18204716
52207.42805221
47157.02704716
52207.53905221
47157.63604716
52195.92005220
47157.15604716
47156.84704716
52204.97705220
47148.78904715
47147.40604715
47147.89204715
47153.85304715
47154.15604715
47154.05704715
47154.85504715
47147.56204715
47155.14004716
47157.85504716
47151.46804715
47149.82404715
47155.00504715
47161.46404716
47156.32504716
47154.63604715
47161.30204716
47160.64504716
47159.72704716
47149.15204715
47156.65204716
47149.03204715
47155.83004716
47154.87904715
47152.99204715
47153.97604715
47159.28304716
47149.57504715
47150.35204715
47154.19204715
47146.82704715
47148.59404715
47153.39704715
47152.93204715
47148.67504715
47156.43604716
47157.67804716
47154.83704715
47155.28704716
47156.50204716
47157.24904716
47153.40304715
47147.63104715
47148.61504715
47154.30904715
47160.30004716
47156.27404716
47162.97004716
47150.62204715
47150.82604715
47149.40704715
47149.62304715
47157.66904716
42101.10604210
47148.41404715
42101.19604210
47148.98404715
42103.42204210
42102.49504210
42104.92204210
42101.33704210
42100.18804210
42104.05504210
42102.90604210
42104.85304210
42100.60204210
42105.66904211
42111.64504211
42109.53004211
42104.12104210
42103.20904210
42101.91304210
42099.92104210
42105.23404211
42102.04204210
42103.53004210
42103.71304210
42105.10804211
42104.56804210
47151.47104715
42097.31104210
47151.29404715
47144.76304714
47155.05304716
47143.52104714
47155.53904716
47150.71504715
47152.32304715
47161.07404716
47154.51604715
47153.54404715
47152.34104715
47152.30204715
47149.19104715
47154.37504715
47154.03004715
47153.39104715
47149.62904715
47145.54604715
47150.31904715
47152.55104715
47160.37204716
47164.89604716
47160.46504716
47159.04304716
47161.68604716
47155.21504716
47149.32904715
52196.39405220
47150.55004715
52205.99405221
47158.44004716
52201.79705220
47161.51504716
52205.77505221
47153.65804715
52200.00905220
52199.64605220
52205.76305221
52197.61205220
52202.35205220
52199.16605220
52209.92105221
52206.71105221
52205.40305221
52203.06305220
52210.17605221
52204.44305220
52206.66005221
47151.93304715
52199.12105220
47158.93204716
52197.81305220
47144.00704714
52195.85105220
47145.89704715
52203.32105220
47148.89104715
47142.88204714
47152.30504715
47143.11304714
47150.79604715
47147.85904715
47149.48204715
47144.06404714
47146.81804715
47142.70504714
47142.82504714
47142.29104714
47149.43404715
47142.64204714
47142.96304714
47153.43304715
47147.86504715
47147.04304715
47147.92804715
47148.90604715
47142.16504714
47149.00204715
47141.71804714
47142.76504714
47142.56404714
47144.15404714
47148.33304715
47147.85304715
47143.32304714
47147.23204715
42105.81904211
47143.98904714
42102.30304210
42097.80304210
42103.72204210
42103.65004210
42103.36504210
42101.53504210
42098.75704210
42105.02704211
42100.70704210
42100.29004210
42104.55604210
42099.75004210
42096.30304210
42094.84804209
42097.80004210
42106.68304211
42104.93704210
42099.96604210
42102.70804210
42095.24104210
42094.88404209
42099.64504210
47149.46404715
42096.95704210
47144.61604714
42102.12904210
47151.00004715
47144.66704714
47143.86004714
47151.13504715
47152.23604715
47152.75204715
47149.90204715
47152.29004715
47155.63804716
47148.36304715
47146.83004715
47148.81004715
47149.23604715
47144.91304714
47145.49804715
47144.52304714
47150.25304715
47148.62704715
47144.51404714
47152.97404715
47150.14504715
47146.27504715
47155.32304716
47152.42504715
47151.81304715
47149.90204715
47150.97304715
47158.05304716
47150.74204715
47144.87104714
47156.34604716
47155.64104716
47149.60804715
47148.03304715
47147.26804715
47148.17704715
47147.56504715
47149.62004715
47145.50704715
47148.08404715
47153.91004715
47147.92804715
47150.38204715
47143.89904714
47143.75804714
47142.42004714
47151.59104715
47150.85004715
47149.66204715
47149.24804715
47145.00604715
47149.80904715
52195.64105220
47145.52804715
52193.43905219
47148.42004715
52195.80305220
47151.48304715
52201.45805220
47145.03004715
52193.53205219
47145.01804715
52192.56305219
47143.90504714
52193.32505219
47149.89904715
52198.98005220
52199.86205220
47146.74304715
52200.67205220
52194.64505219
52194.45605219
52194.52205219
52193.82305219
52201.71305220
52194.30905219
52192.91705219
52196.28905220
52198.32605220
52196.46605220
52202.76605220
52200.98705220
52202.93705220
52194.63905219
52192.60505219
52202.16005220
52204.56005220
52204.65905220
52197.22805220
52195.06805220
52201.22705220
52195.66205220
52195.31405220
52198.87505220
52200.90005220
52201.51805220
52195.23305220
52201.88705220
52194.42305219
52197.18605220
52195.05305220
47150.71204715
52191.31205219
52199.76605220
47157.30004716
52193.40005219
47151.81304715
52194.97505219
47153.04004715
52205.13905221
47158.83304716
52204.44305220
47149.10404715
52205.10905221
47156.64604716
52196.88905220
47146.28404715
47148.34504715
52205.84405221
47147.81704715
47158.65004716
47156.57704716
47148.38704715
47156.71504716
47147.22904715
47148.55504715
47150.81104715
47148.95104715
47155.02604716
47148.80704715
47154.05704715
47150.43004715
47150.75404715
47147.46904715
47154.60904715
47154.11104715
47155.97104716
47156.91304716
47154.31804715
47153.18704715
47153.83504715
47150.74204715
47155.96804716
47154.58804715
47154.35704715
47158.94104716
47154.07504715
47160.83104716
47157.55804716
47155.32904716
47154.61804715
47155.54204716
47154.84004715
47149.34704715
47153.58304715
47147.11204715
47153.76304715
47152.82704715
47159.41804716
47148.65104715
47157.39604716
47145.83104715
47147.80804715
47155.19404716
47148.01204715
47145.30904715
47146.64404715
47146.11004715
47151.51004715
47150.62804715
47150.62504715
47158.12504716
42104.68204210
47151.09304715
42102.16204210
47146.14304715
42104.72104210
42106.86904211
42107.76604211
42101.84104210
42110.25604211
42106.97104211
42104.46604210
42100.61104210
42105.20704211
42101.97004210
42098.61004210
42097.50304210
42102.33004210
42103.75804210
42102.68404210
42096.09904210
42101.45704210
42101.05804210
42102.49204210
42103.72504210
42108.51904211
42102.54904210
47149.53604715
42106.55104211
47154.14404715
47141.69404714
47142.85504714
47151.99604715
47146.11604715
47145.81004715
47144.49004714
47152.71004715
47153.08804715
47152.63204715
47145.45304715
47144.48404714
47144.68804714
47149.87204715
47143.31104714
47147.27404715
47149.62004715
47146.41904715
47145.49804715
47151.00004715
47153.20204715
47148.30604715
47149.18504715
47150.21704715
47146.84804715
47147.43604715
47147.83804715
52199.99105220
47149.46704715
52195.79105220
47147.75404715
52200.73205220
47153.86204715
52198.90505220
47146.89004715
52195.28705220
52208.15405221
52197.54005220
52200.07805220
52195.69805220
52198.20005220
52208.06105221
52208.84105221
52197.31805220
52197.21305220
52204.84505220
52197.67205220
52203.32105220
47150.55904715
52204.95005220
47154.21004715
52197.74105220
47157.06604716
52197.26105220
47156.58604716
52207.02005221
47147.14204715
52202.51405220
47146.11304715
47153.85304715
47144.85904714
47149.67104715
47154.16504715
47152.72504715
47146.33504715
47146.31104715
47154.45904715
47146.59004715
47153.41804715
47156.42704716
47150.22904715
47146.75504715
47148.00304715
47150.37004715
47149.46104715
47150.82604715
47148.74704715
47149.38604715
47152.58404715
47150.52904715
47151.64504715
47152.46704715
47150.05804715
47152.68004715
47153.06704715
47148.32104715
42106.65904211
47147.63104715
42105.98404211
42105.21604211
42100.66804210
42104.23804210
42105.72304211
42110.83804211
42103.97104210
42106.98904211
42104.02204210
42105.55504211
42109.89004211
42109.27804211
42111.15304211
42109.43704211
42104.34604210
42113.34004211
42109.17604211
42105.67804211
42104.15404210
42104.26204210
42110.92504211
42107.75704211
47162.97904716
42110.96104211
47152.48204715
42104.35204210
47151.90604715
47149.88704715
47157.82504716
47158.58704716
47157.89704716
47153.07304715
47157.98704716
47157.59404716
47158.90204716
47160.82204716
47159.07604716
47157.30304716
47155.37404716
47156.47504716
47150.09404715
47156.75704716
47151.12004715
47157.70504716
47157.19204716
47156.34604716
47157.51604716
47155.91704716
47160.71104716
47154.50404715
47149.17304715
47149.10704715
47159.96404716
47155.68604716
47155.78504716
47155.06504716
47158.17304716
47153.06404715
47149.81204715
47156.85004716
47156.04304716
47152.84204715
47156.62204716
47144.84104714
47156.07604716
47156.43604716
47148.32104715
47155.74604716
47154.88504715
47147.67604715
47156.10304716
47148.36604715
47147.75704715
47155.52704716
47149.43404715
47147.70904715
47155.62004716
47149.14604715
52204.86005220
47148.20104715
52204.42505220
47156.56504716
52195.35005220
47150.71804715
52197.56405220
47155.65604716
52199.87705220
47154.72304715
52209.09005221
47159.52004716
52209.51305221
47160.26404716
52197.52805220
52201.47005220
47157.98104716
52203.39005220
52208.04305221
52199.51405220
52203.14405220
52205.33105221
52203.99605220
52197.71105220
52195.25405220
52202.14205220
52206.32705221
52200.15005220
52206.41405221
52206.60005221
52199.08805220
52199.13005220
52204.62905220
52197.53705220
52205.14805221
52205.22605221
52204.86605220
52209.24005221
52211.83205221
52203.95705220
52205.26205221
52206.26105221
52197.78905220
52200.00905220
52202.91605220
52206.39005221
52200.39905220
52211.06705221
52201.86005220
47155.97404716
52204.60205220
52193.29205219
47159.95204716
52198.29605220
47146.11004715
52195.78505220
47150.49304715
52204.04405220
47147.94604715
52204.66205220
47152.90204715
52206.60905221
47155.93804716
52202.58905220
47159.48704716
52209.45605221
47154.09604715
47158.35004716
47162.82304716
47160.40204716
47156.59504716
47153.71204715
47158.40404716
47159.34904716
47153.03704715
47157.81304716
47154.31804715
47149.31104715
47152.80304715
47151.69004715
47156.79904716
47155.78504716
47160.76504716
47151.26404715
47152.68304715
47156.41804716
47159.97904716
47156.87104716
47150.65804715
47152.22404715
47153.39704715
47153.81404715
47151.47704715
47152.90804715
47156.24104716
47163.98104716
47152.62604715
47158.02604716
47157.75904716
47157.87004716
47152.02604715
47152.77304715
47150.58004715
47149.63204715
47159.07004716
47157.06904716
47149.54204715
47156.94604716
47155.33504716
47158.99804716
47154.10504715
47155.93804716
47156.81404716
47149.86004715
47147.36404715
47151.06904715
47149.37104715
47157.20704716
47149.11604715
47158.05904716
42101.89804210
47151.93604715
42103.97704210
47151.82504715
42107.35204211
42101.37304210
42106.80004211
42102.33604210
42112.93504211
42110.58604211
42110.70604211
42110.61904211
42108.07504211
42109.20004211
42105.79804211
42106.88404211
42106.30204211
42109.98604211
42105.77404211
42103.51204210
42112.71004211
42105.85804211
42107.86204211
42111.53404211
42113.99104211
42108.82204211
42107.96104211
47156.39104716
47151.65404715
47150.73004715
47152.11304715
47151.04204715
47151.97804715
47147.29504715
47153.92504715
47159.37904716
47154.39604715
47157.39904716
47150.69704715
47157.77104716
47158.86604716
47157.20404716
47147.64604715
47151.37804715
47158.58104716
47159.08204716
47155.68304716
47153.87104715
47155.71904716
47151.68104715
47157.45904716
47158.90204716
47155.52704716
47150.87704715
47158.05904716
52204.69805220
47155.07404716
52207.69805221
47153.59204715
52201.26305220
47147.43904715
52193.19905219
47157.24304716
52199.29205220
52200.04505220
52208.94905221
52197.68705220
52199.14505220
52211.74505221
52204.44305220
52197.88505220
52201.34105220
52200.61805220
52203.40805220
52206.78005221
52200.05405220
47152.32004715
52192.06205219
47153.62804715
52192.95905219
47151.63904715
52188.12005219
47151.58504715
52205.50205221
47144.59804714
52193.65205219
47150.67904715
47146.46704715
47143.23904714
47151.79204715
47148.29104715
47144.99704714
47156.15404716
47147.09104715
47155.71604716
47154.49804715
47145.78304715
47143.14604714
47143.47604714
47143.17304714
47149.07404715
47156.65504716
47156.20204716
47153.11504715
47150.36404715
47148.66304715
47145.76204715
47146.16704715
47144.77204714
47145.19204715
47147.61904715
47147.49304715
47145.86404715
47152.49704715
42107.40004211
47147.51404715
42107.22304211
42095.29804210
42103.77904210
42097.83604210
42101.57104210
42096.06904210
42104.19604210
42099.96304210
42099.57604210
42103.29004210
42106.82404211
42107.70604211
42098.73304210
42097.59904210
42099.42604210
42103.18204210
42108.27604211
42103.47304210
42104.15404210
42100.28704210
42106.79404211
42113.83804211
47159.89504716
42107.94304211
47158.78504716
42108.77104211
47158.86304716
47155.90204716
47158.55104716
47154.75004715
47156.33704716
47152.92604715
47161.53904716
47164.17304716
47163.08104716
47164.47904716
47159.21404716
47157.17404716
47163.70504716
47159.38504716
47155.17304716
47160.55504716
47156.73604716
47154.75304715
47157.12004716
47161.43404716
47165.23204717
47156.41504716
47156.29504716
47158.36204716
47157.42904716
47152.87804715
47155.49404716
47156.55304716
47165.21104717
47163.05704716
47150.57104715
47158.38904716
47154.51904715
47147.05804715
47157.91504716
47157.75304716
47152.37704715
47156.51704716
47155.05004716
47155.78504716
47157.61804716
47155.66204716
47148.45904715
47151.99604715
47154.35104715
47159.76904716
47154.28204715
47151.07804715
47151.49504715
47155.02004716
47162.26504716
47152.14004715
52205.73305221
47156.01904716
52203.93305220
47157.16804716
52206.80405221
47147.86504715
52194.30005219
47146.45204715
52193.40005219
47151.93604715
52197.27005220
47151.10504715
52205.46305221
47155.39204716
52194.31205219
47146.98604715
52193.33105219
52206.12905221
52199.45405220
52204.56905220
52193.38805219
52192.71305219
52191.94505219
52204.56905220
52194.36905219
52202.01605220
52197.87905220
52206.04805221
52205.82905221
52205.46605221
52204.23605220
52196.06705220
52202.89505220
52192.08905219
52205.34005221
52197.57605220
52204.16405220
52201.77605220
52206.40205221
52195.75205220
52192.61705219
52193.22605219
52202.97005220
52200.26105220
52191.11405219
52196.16605220
52197.31505220
52197.07805220
52205.43605221
47153.99404715
52201.71005220
52193.75405219
47146.37704715
52191.33005219
47149.80604715
52191.41105219
47151.46504715
52202.84105220
47148.05704715
52199.56505220
47145.93004715
52194.33305219
47152.26004715
52199.70005220
47155.82404716
52203.53105220
47148.30304715
47156.44504716
47147.79304715
47154.72004715
47150.46604715
47147.96704715
47144.66704714
47150.59804715
47151.05104715
47149.46704715
47153.23504715
47150.93404715
47156.11204716
47144.57404714
47151.45004715
47146.14304715
47146.77604715
47152.29904715
47147.64004715
47145.91504715
47146.08004715
47152.89004715
47152.47904715
47153.51404715
47157.69604716
47156.17204716
47144.54104714
47147.81104715
47152.88704715
47152.08004715
47151.57904715
47147.52004715
47147.62504715
47154.10804715
47148.53704715
47153.74204715
47146.03504715
47157.08404716
47147.34604715
47148.97504715
47148.12604715
47162.35804716
47161.65604716
47156.21104716
47163.42004716
47161.00504716
47160.77104716
47260.35304726
47155.96504716
47155.82704716
47162.66704716
47159.79304716
47158.84204716
47160.14404716
47154.26104715
42109.17304211
47163.93604716
42109.92604211
42106.95904211
42105.66604211
42103.77004210
42103.19704210
42105.03604211
42103.41004210
42103.46404210
42102.70204210
42109.15804211
42104.75404210
42099.14404210
42099.25804210
42097.16704210
42099.04204210
42104.25304210
42104.03404210
42108.90904211
42097.07104210
42095.68204210
42098.40604210
42102.08104210
42097.65604210
42103.92304210
47148.84904715
42100.41004210
47148.22804715
47142.36904714
47148.65404715
47147.31004715
47150.44804715
47141.79004714
47143.54804714
47142.47704714
47151.14704715
47142.66904714
47147.41504715
47142.63304714
47142.10204714
47150.41204715
47144.53504714
47151.24604715
47155.34404716
47144.64004714
47151.00304715
47150.88604715
47149.25104715
47151.44704715
47143.62004714
47150.04004715
47149.42204715
47147.54404715
52194.96605219
47153.94904715
52196.52305220
47149.39504715
52196.74205220
47149.04104715
52191.22805219
47151.74404715
52195.67405220
52201.60205220
52196.54405220
52191.21605219
52192.73105219
52193.95205219
52196.97305220
52196.52005220
52201.66505220
52198.37405220
52205.43005221
52199.00405220
52211.59505221
47155.98004716
52211.96705221
47157.32104716
52209.18605221
47163.04804716
52209.81305221
47161.49104716
52209.11705221
47159.43904716
52201.60805220
47153.17504715
47153.93104715
47160.85504716
47157.81304716
47161.81804716
47162.05204716
47159.99104716
47164.98004716
47166.27004717
47153.20804715
47152.74604715
47159.41204716
47158.71604716
47154.79504715
47154.88504715
47153.97904715
47151.78004715
47146.16104715
47144.67004714
47147.33704715
47148.40804715
47143.25404714
47149.39504715
47151.34804715
47151.97204715
47145.60604715
47146.50304715
47151.89404715
42104.36404210
47151.89404715
42105.66304211
42101.16304210
42097.12204210
42095.38804210
42099.60604210
42099.83404210
42102.21304210
42099.85204210
42107.17804211
42100.91104210
42108.43204211
42104.36704210
42108.95104211
42108.96604211
42108.91804211
42105.53404211
42108.46504211
42106.21804211
42106.56604211
42105.34804211
42112.97404211
42108.42904211
47148.15304715
42100.58104210
47156.72404716
42111.51904211
47155.90804716
47160.93304716
47159.72404716
47162.08504716
47158.89004716
47153.49604715
47156.81104716
47156.51704716
47160.99004716
47159.61604716
47157.49504716
47149.21204715
47149.75204715
47160.36004716
47160.71404716
47158.73704716
47161.04404716
47150.97304715
47156.16904716
47154.24904715
47149.71904715
47158.20304716
47159.26804716
47159.53504716
47157.15304716
47160.85804716
47156.34604716
47154.26104715
47153.40604715
47152.37704715
47159.94304716
47151.59404715
47151.97504715
47150.26504715
47157.45004716
47153.55304715
47148.72304715
47155.53904716
47155.73704716
47154.27904715
47154.57604715
47154.03004715
47151.69904715
47149.46104715
47154.48004715
47159.10604716
47155.54804716
47149.43704715
47149.15504715
47156.26804716
47157.78004716
47154.12304715
47155.39204716
52205.86205221
47155.35004716
52205.86505221
47156.91304716
52204.54505220
47157.38704716
52195.04405220
47154.16504715
52202.52305220
47151.19204715
52201.60505220
47148.59104715
52203.44405220
47153.98504715
52207.39805221
52196.01005220
47149.65604715
52198.25405220
52203.61805220
52201.99205220
52196.37905220
52196.59805220
52196.26505220
52195.71305220
52195.68905220
52204.44605220
52195.88405220
52193.40305219
52195.25105220
52200.77105220
52192.24805219
52192.72805219
52204.47905220
52204.80305220
52202.88305220
52198.07705220
52201.59305220
52196.97005220
52199.07905220
52201.39805220
52198.53905220
52201.68605220
52208.25605221
52200.48305220
52209.15305221
52199.11805220
52191.33305219
52199.08205220
52191.46505219
47154.72304715
52196.44805220
47149.10104715
52206.00305221
47148.78904715
52193.23505219
47154.55504715
52203.91205220
47153.81704715
52195.40405220
47148.00304715
52193.39405219
47153.36404715
52202.52305220
47152.20904715
52194.64505219
47146.41604715
47147.08204715
47153.79604715
47147.70604715
47144.84404714
47151.14404715
47144.35204714
47147.82304715
47149.83304715
47156.20804716
47150.27104715
47148.54904715
47152.98304715
47151.42904715
47146.29304715
47154.71404715
47147.51104715
47148.13504715
47155.50304716
47155.60504716
47155.16704716
47154.19204715
47154.72604715
47153.26204715
47151.43204715
47157.02104716
47156.55304716
47154.89404715
47148.67504715
47159.58604716
47153.09404715
47151.90004715
47151.87604715
47149.41604715
47160.47404716
47149.89304715
47150.59804715
47158.18504716
47154.52204715
47155.81804716
47154.76504715
47156.70304716
47156.40004716
47153.47504715
47147.05804715
47156.25004716
47154.12904715
47161.71004716
47151.71404715
47151.29104715
47152.58104715
47149.75204715
47157.09304716
47148.72304715
47152.78504715
42102.87604210
47154.02104715
42112.98304211
42109.60804211
42107.70604211
42108.32104211
42112.66804211
42110.90104211
42111.13204211
42107.56504211
42114.27004211
42109.62004211
42107.28304211
42103.17904210
42104.52004210
42104.88304210
42110.17804211
42109.75504211
42108.79204211
42101.92204210
42107.67604211
42104.89804210
42107.74804211
42108.59704211
42111.50104211
42109.52404211
47148.51904715
42103.48804210
47148.98704715
47149.72504715
47154.18904715
47149.11904715
47154.74404715
47154.17404715
47155.92904716
47149.92004715
47156.48104716
47149.77904715
47159.02204716
47158.02904716
47158.92604716
47157.20104716
47157.61204716
47155.20004716
47153.61904715
47159.79004716
47152.91404715
47155.17004716
47154.90004715
47151.56104715
47160.10204716
47159.13004716
47152.77004715
47153.77504715
47152.39804715
52211.13305221
47154.71404715
52200.66905220
47151.32704715
52203.09005220
47147.58304715
52201.10405220
47158.59904716
52203.41405220
52197.61505220
52203.96005220
52203.35105220
52193.97605219
52203.47705220
52201.80005220
52203.27905220
52201.02605220
52199.74205220
52190.78705219
52198.03205220
47151.12304715
52199.65805220
47150.49004715
52197.98105220
47148.29104715
52195.44605220
47148.92404715
52196.76305220
47149.56604715
52191.93905219
47150.68204715
47153.54704715
47142.38104714
47143.83004714
47142.35404714
47142.53104714
47151.12604715
47150.12104715
47142.60904714
47153.61904715
47152.52704715
47149.74304715
47145.05104715
47145.07804715
47147.40304715
47141.04004714
47144.40004714
47143.95004714
47143.98904714
47143.87504714
47144.26504714
47144.07304714
47143.88104714
47154.04504715
47153.34904715
47152.65904715
47153.50804715
47148.52804715
42107.28604211
47146.62904715
42100.11004210
42101.02504210
42097.17004210
42106.91704211
42104.25004210
42096.02104210
42103.41004210
42097.88404210
42098.30404210
42100.23004210
42099.25504210
42102.51904210
42101.94604210
42100.86904210
42105.28804211
42103.66204210
42102.61504210
42102.16204210
42094.59904209
42105.49504211
42098.48104210
42098.62804210
42094.93204209
47144.04904714
42101.79904210
47153.36404715
47151.73804715
47144.40604714
47152.60804715
47150.83804715
47145.66904715
47150.57404715
47149.66504715
47145.33904715
47152.19104715
47150.65204715
47156.37304716
47153.44504715
47156.47504716
47151.50104715
47157.57904716
47146.02304715
47151.64504715
47150.34904715
47147.19604715
47145.95704715
47152.57504715
47146.54804715
47156.68804716
47153.60104715
47152.02004715
47150.99404715
47147.86504715
47145.49804715
47145.68104715
47149.81504715
47149.74004715
47151.78604715
47148.49204715
47154.33004715
47157.34204716
47148.55504715
47144.58304714
47150.59804715
47157.46204716
47154.60304715
47149.71604715
47148.34504715
47154.22504715
47152.17004715
47152.98904715
47150.46904715
47152.16704715
47145.82204715
47145.75904715
47152.71904715
47149.56304715
47157.70504716
47147.83204715
52192.53905219
47153.46904715
52200.77705220
47148.15904715
52194.13505219
47153.44504715
52196.31005220
47146.50604715
52206.51005221
47155.65304716
52205.49605221
47158.20904716
52206.53105221
47149.08904715
52207.72205221
52203.41705220
47151.36604715
52194.10505219
52201.23005220
52202.02805220
52206.77705221
52198.67105220
52196.10605220
52195.95605220
52196.64905220
52196.09405220
52198.51805220
52199.62205220
52202.20505220
52201.74605220
52194.73805219
52201.82105220
52195.62905220
52195.79105220
52194.16505219
52200.44105220
52201.75505220
52195.72805220
52192.57805219
52193.43305219
52200.11105220
52191.00605219
52193.67305219
52202.64605220
52200.02105220
52196.11805220
52203.42305220
52204.20905220
52201.54505220
47150.48404715
52191.51905219
52199.44205220
47143.50304714
52190.28005219
47147.16304715
52192.07405219
47150.71504715
52200.00005220
47153.48404715
52199.21105220
47153.14804715
52204.11305220
47154.89704715
52204.09205220
47154.05704715
47148.66304715
52195.30505220
47144.97304714
47149.12204715
47147.02204715
47145.86404715
47146.88704715
47150.09104715
47149.82704715
47150.70904715
47148.90904715
47156.33704716
47152.93504715
47149.77604715
47151.33904715
47149.72204715
47146.95604715
47154.07804715
47152.28104715
47154.27004715
47150.15704715
47150.82604715
47154.45604715
47156.37304716
47150.01004715
47153.99104715
47154.60904715
47148.18004715
47154.18604715
47148.74704715
47148.22204715
47151.50704715
47146.72804715
47152.05604715
47155.20004716
47161.43404716
47159.07004716
47158.83604716
47159.21404716
47152.67104715
47152.30504715
47159.64604716
47154.47104715
47159.09404716
47156.86204716
47158.56304716
47155.49404716
47156.39704716
47159.77204716
47152.94704715
47150.68204715
47153.16004715
47154.97504715
47149.68904715
47152.10404715
42098.91304210
47153.97004715
42109.18804211
47158.57504716
42108.01204211
42101.82604210
42102.65704210
42100.22104210
42105.07804211
42103.38604210
42104.99104210
42110.59804211
42099.76204210
42105.61204211
42104.48104210
42104.01604210
42106.64704211
42104.94304210
42100.04704210
42099.19504210
42110.88604211
42105.76804211
42104.53504210
42114.03304211
42107.14504211
42111.59104211
47148.72004715
42099.25804210
47150.28004715
47156.21404716
47150.99104715
47147.21104715
47152.85104715
47153.18704715
47151.63604715
47150.15404715
47147.76004715
47148.43504715
47144.32204714
47151.73204715
47147.04304715
47144.70304714
47156.40604716
47156.04004716
47154.48604715
47147.01004715
47155.20004716
47154.06004715
47152.33504715
47158.01104716
47156.15104716
47143.08004714
47144.31304714
47153.10604715
47153.14804715
52195.70405220
47155.28704716
52194.04505219
47158.05004716
52206.42605221
47158.50304716
52207.92005221
47156.54404716
52199.49005220
52193.05205219
52194.97205219
52197.01505220
52206.68105221
52206.06605221
52216.02305222
52197.85505220
52206.56405221
52203.25505220
52193.77505219
52197.14405220
47151.20704715
52193.27405219
47153.71504715
52201.11305220
47146.65004715
52195.29005220
47148.24604715
52195.55105220
47146.04404715
52203.49205220
47150.05804715
47152.92304715
47156.85004716
47152.89604715
47151.85504715
47150.01604715
47155.25704716
47148.02104715
47146.99504715
47150.82304715
47151.43204715
47146.24204715
47156.82004716
47155.76104716
47157.06904716
47151.03304715
47158.95304716
47158.22704716
47147.13904715
47145.15604715
47157.01804716
47154.89104715
47158.92304716
47160.20104716
47154.06004715
47153.58904715
47154.23704715
47154.91804715
42100.29304210
47150.88004715
42103.76404210
42105.83404211
42107.70304211
42108.32704211
42102.03004210
42098.32804210
42097.06204210
42101.14804210
42102.64504210
42109.63204211
42108.48004211
42104.06104210
42105.87604211
42108.35704211
42102.91204210
42102.96604210
42109.54804211
42104.96404210
42109.26004211