1121.72396747
1120.10996752
1116.61196762
1115.09396766
1114.56296768
1115.23196766
1110.45296780
1110.73496779
1112.83796773
1112.83196773
1112.90396773
1110.68996779
1111.97396775
1111.67696776
1113.89096770
1113.04196772
1111.00796778
1111.18796778
1111.63496776
1113.08396772
1112.45096774
1113.38396771
1111.69496776
1114.29596769
1113.97796769
1114.34696768
1113.71096770
1109.80196782
1114.30796769
1113.54296771
1110.83996779
1111.77296776
1114.95896767
1111.29896777
1113.70496770
1109.60396782
1114.08596769
1112.19596775
1111.44596777
1112.30396774
1111.81496776
1110.83096779
1113.09296772
1109.21996783
1112.59796773
1113.32696771
1112.73596773
1108.71296785
1113.79496770
1111.11296778
1112.94596772
1113.88496770
1110.67496779
1113.42596771
1109.58596782
1113.63296770
1110.11396781
1112.81996773
1113.00296772
1114.97096767
1109.50496782
1114.44596768
1112.60096773
1111.37396777
1112.40596774
1115.18696766
1115.00996766
1111.58096776
1113.57596771
1109.85596781
1112.29496774
1110.70496779
1112.15096775
1112.11796775
1113.83096770
1110.36596780
1110.43496780
1110.71396779
1111.90796775
1113.08096772
1111.55996776
1112.76596773
1111.69196776
1113.48296771
1110.27896780
1109.78996782
1112.31896774
1109.39696783
1111.74296776
1113.34796771
1113.03596772
1112.15696775
1111.77896776
1111.90496775
1113.34796771
1112.00096775
1113.58496771
1111.23896777
1111.07696778
1112.19596775
1111.80896776
1110.95996778
1112.31296774
1110.49196780
1115.62496765
1112.14796775
1112.04296775
1111.19396778
1112.62796773
1112.79896773
1110.95696778

1113.01196772
1111.73996776
1113.50696771
1112.94896772
1112.99396772
1112.64596773
1112.68796773
1112.02496775
1108.99196784
1113.78296770
1112.62796773
1112.11796775
1112.18996775
1112.30996774
1112.21696775
1111.72196776
1112.52296774
1111.16996778
1111.09196778
1111.85696776
1112.02796775
1109.94596781
1114.13996769
1112.21096775
1111.12496778
1110.32096780
1116.35696763
1112.51396774
1113.61196771
1111.55996776
1113.99596769
1110.80996779
1112.18996775
1110.11396781
1110.79196779
1112.17796775
1112.81696773
1114.09196769
1111.01696778
1111.16396778
1112.53196774
1113.84896770
1111.33496777
1113.26096772
1112.91296773
1112.61896773
1111.99796775
1110.40496780
1111.99196775
1112.21396775
1112.96996772
1111.49696777
1112.53196774
1112.21396775
1111.28696777
1114.26596769
1112.54096774
1112.91596773
1111.67996776
1111.32896777
1111.65896776
1113.78896770
1109.29196783
1110.74996779

1112.53796774
1113.81296770
1111.90496775
1112.54396774
1112.12996775
1112.04296775
1113.10196772
1112.20796775
1113.32996771
1113.76796770
1112.22596775
1113.25496772
1111.58996776
1112.04896775
1114.43396768
1112.73596773
1113.04196772
1112.94596772
1110.59996779
1112.58596774
1111.58096776
1112.45996774
1111.95596775
1111.39496777
1112.72696773
1110.70196779
1112.02496775
1113.08096772
1110.51296780
1113.79796770
1114.16396769
1112.68796773
1111.15196778
1111.94996775
1112.25596774
1111.60796776
1110.13196781
1111.25396777
1112.00696775
1109.25896783
1111.98896775
1111.09496778
1109.46296783
1110.85496779
1113.08396772
1111.24196777
1112.24096775
1111.86596776
1112.07896775
1111.55396776
1113.29396771
1111.54796777
1113.60896771
1110.89996778
1111.45196777
1111.76096776
1109.80796782
1110.98096778
1108.05296787
1111.32896777
1112.75096773
1109.83796781
1112.20796775
1110.94496778
1112.57696774
1113.32996771
1110.07196781
1113.14996772
1112.42696774
1111.55396776
1111.15796778
1113.67196770
1108.61096785
1110.59396779
1110.67796779
1111.42196777
1113.26396772
1111.79696776
1110.70796779
1111.58696776
1110.33596780
1112.24096775
1113.14096772
1111.46996777
1111.36496777
1110.45296780
1110.49496780
1113.33896771
1110.81296779
1111.02896778
1110.71096779
1110.78896779
1110.82796779
1111.66796776
1112.25896774
1111.82096776
1112.99996772
1112.24996774
1110.92396778
1114.09796769
1111.55396776
1110.64196779
1110.97796778
1111.85396776
1113.53396771
1112.33696774
1111.03496778
1113.98096769
1113.50696771
1111.76396776
1112.12696775
1112.51696774
1111.76396776
1112.98196772
1113.49496771
1110.28196780
1110.38996780
1112.33996774
1110.77396779
1112.18396775
1110.29696780
1109.96096781
1112.22596775
1109.21696783
1110.78896779
1111.41896777
1111.52996777
1110.78896779

1111.95296775
1112.91596773
1111.71596776
1111.79396776
1112.51996774
1111.77596776
1110.12596781
1109.54996782
1113.29696771
1112.24696774
1115.01296766
1111.62296776
1112.50496774
1110.44396780
1110.62696779
1111.81496776
1112.51396774
1110.39896780
1111.36796777
1110.79196779
1114.99496767
1110.15296781
1109.39996783
1114.03796769
1110.10196781
1111.61996776
1109.30096783
1111.27496777
1112.82296773
1110.02096781
1111.03496778
1112.71496773
1112.40896774
1112.82596773
1112.33996774
1113.20096772
1112.04896775
1110.89396778
1112.72396773
1109.56796782
1111.69196776
1115.43896765
1114.33496768
1114.28396769
1111.99196775
1113.61196771
1111.09796778
1107.53996788
1113.67796770
1114.16996769
1112.69096773
1110.17396780
1110.77096779
1111.44596777
1111.61996776
1112.15396775
1110.65396779
1113.95996770
1108.08296787
1112.13896775
1111.68296776
1110.08096781
1109.37596783
1110.78896779

1110.54896779
1111.00796778
1111.46396777
1108.82396784
1110.69296779
1114.09796769
1111.07096778
1111.47296777
1111.03196778
1113.33596771
1110.53996779
1110.62396779
1112.10296775
1109.92496781
1112.97296772
1111.08896778
1111.31396777
1110.60296779
1111.79696776
1112.22296775
1114.33196768
1113.30296771
1111.73096776
1108.01396787
1111.46096777
1112.42996774
1110.67196779
1112.02196775
1111.37696777
1111.25396777
1111.71896776
1113.16796772
1112.78996773
1112.32796774
1110.96596778
1111.65596776
1110.52796779
1108.19096786
1113.38096771
1109.93396781
1109.51696782
1109.29796783
1111.42496777
1110.61196779
1109.88896781
1113.04196772
1112.24096775
1111.55696776
1112.21996775
1113.29396771
1110.80696779
1109.93996781
1111.02896778
1111.96496775
1109.51396782
1111.13996778
1111.90196775
1111.24796777
1111.57196776
1109.93996781
1108.94096784
1111.60796776
1111.61696776
1110.85496779
1112.65796773
1112.94896772
1110.95696778
1113.32696771
1111.26596777
1110.84896779
1112.54396774
1112.28296774
1111.28096777
1112.91896773
1111.43696777
1111.49996777
1113.31496771
1110.17996780
1110.88796778
1112.54396774
1111.04996778
1112.25596774
1112.36396774
1112.07296775
1113.74096770
1109.71496782
1112.76296773
1110.26096780
1111.22996777
1112.77196773
1111.50596777
1113.50996771
1113.47396771
1112.39396774
1111.06196778
1109.03396784
1113.40796771
1111.67396776
1111.64696776
1108.34696786
1111.02896778
1112.89496773
1112.87996773
1110.90896778
1112.86196773
1114.86296767
1111.23596777
1112.03996775
1108.49996785
1110.15296781
1112.25596774
1109.42996783
1113.29096771
1108.67996785
1108.71596785
1110.79196779
1111.61396776
1111.91396775
1111.18796778
1110.77996779
1112.42096774
1110.05096781
1108.79696784
1110.67796779
1110.97796778
1111.11896778
1112.82596773
1111.14596778

1111.61396776
1112.97296772
1111.99196775
1115.52296765
1109.03696784
1113.86696770
1110.68696779
1110.76796779
1111.27496777
1113.08096772
1112.55296774
1109.83796781
1108.40996786
1111.22696777
1113.80696770
1112.06996775
1111.51196777
1113.68996770
1111.49396777
1112.73896773
1111.08296778
1110.00596781
1110.02696781
1109.23796783
1112.31596774
1110.05696781
1111.28096777
1112.40896774
1113.65996770
1110.81296779
1111.77296776
1110.07196781
1111.76096776
1112.05496775
1110.34796780
1111.43396777
1112.32496774
1109.42996783
1111.60196776
1111.04396778
1113.00596772
1114.95896767
1110.47396780
1110.75296779
1112.88896773
1110.98096778
1112.41496774
1110.81896779
1107.35096789
1111.73096776
1113.10496772
1110.25796780
1111.63796776
1112.60096773
1113.40196771
1111.29296777
1110.34796780
1110.84596779
1113.33596771
1109.47796783
1110.35096780
1111.27496777
1111.42196777
1112.12996775

1111.69496776
1110.26396780
1110.05096781
1109.24996783
1111.25996777
1112.10296775
1109.65796782
1111.97396775
1112.42996774
1111.58996776
1111.10396778
1110.81596779
1110.85796779
1111.74296776
1111.88096776
1111.73996776
1111.56596776
1113.23396772
1109.82596782
1110.95396778
1108.92296784
1110.39296780
1111.61696776
1113.46496771
1111.05596778
1113.30596771
1109.80496782
1110.18896780
1110.42296780
1112.74796773
1112.30396774
1112.09396775
1111.00196778
1111.15796778
1111.13996778
1108.25396786
1113.61196771
1111.72796776
1111.45496777
1111.04096778
1109.56496782
1111.75196776
1112.03096775
1110.10796781
1113.15296772
1111.05596778
1111.81496776
1112.93996772
1111.17896778
1112.67296773
1110.60896779
1110.38996780
1111.26296777
1110.83696779
1111.47896777
1111.65896776
1111.57796776
1111.02896778
1112.11496775
1110.68996779
1109.87096781
1109.55896782
1111.92596775
1110.56996779
1113.19196772
1111.03796778
1113.62996770
1109.75396782
1112.19896775
1109.47496783
1110.53696779
1112.17796775
1113.01796772
1111.53896777
1111.28096777
1112.75696773
1111.22996777
1111.71596776
1109.41196783
1111.17296778
1111.87796776
1110.80096779
1108.42196786
1108.72196785
1109.21996783
1113.26396772
1109.48396782
1112.90996773
1110.06596781
1111.52396777
1111.68596776
1112.80196773
1110.37796780
1110.23096780
1111.70096776
1110.67796779
1109.05496784
1110.89396778
1112.24396774
1107.92096787
1110.05996781
1111.96496775
1111.33196777
1114.94096767
1109.76896782
1111.55696776
1111.38596777
1109.36996783
1108.82096784
1112.44796774
1112.72096773
1110.84296779
1110.93296778
1110.45296780
1111.77896776
1112.09096775
1108.64996785
1110.22196780
1111.34096777
1112.27996774
1113.30596771
1111.03496778
1113.00896772
1112.50496774
1109.69096782
1109.10596784
1110.12896781
1113.42896771

1112.70896773
1111.59296776
1108.61996785
1110.42596780
1111.99496775
1109.98196781
1110.17096781
1112.36696774
1111.89896775
1110.80096779
1111.89896775
1111.91396775
1108.73096785
1113.69296770
1111.46996777
1110.50696780
1111.21196777
1109.19296783
1112.16296775
1110.94496778
1110.39596780
1113.51896771
1110.59396779
1111.00796778
1113.14996772
1110.89696778
1112.66096773
1108.32296786
1110.54896779
1112.32496774
1110.78896779
1110.44396780
1108.70996785
1113.07196772
1111.47596777
1109.62196782
1110.11096781
1113.82196770
1111.15496778
1111.88696776
1109.09696784
1111.51496777
1111.47296777
1112.56496774
1112.53196774
1109.53496782
1110.71996779
1112.93396772
1111.84496776
1111.92896775
1111.98896775
1110.53396779
1111.55696776
1112.24096775
1113.40196771
1112.30696774
1109.83196781
1114.61996768
1113.22796772
1112.04596775
1111.97396775
1108.32896786
1110.98696778
1109.85296781

1111.98296775
1110.68396779
1112.50196774
1110.13796781
1110.56696779
1108.21496786
1111.33496777
1109.06396784
1114.65296768
1110.58796779
1110.11696781
1110.51296780
1109.51996782
1110.17396780
1111.46696777
1112.70296773
1111.88696776
1112.25596774
1111.04996778
1108.72796785
1111.76696776
1111.81496776
1110.89396778
1110.19796780
1108.53896785
1113.72596770
1112.22596775
1111.73096776
1111.38296777
1111.44896777
1110.50696780
1111.52996777
1112.82596773
1110.74396779
1113.46196771
1110.83096779
1109.52896782
1110.56696779
1111.16996778
1112.43296774
1111.92596775
1110.45296780
1110.77996779
1111.00196778
1109.97596781
1111.46996777
1111.27796777
1112.57396774
1112.41196774
1108.46096785
1111.88396776
1111.34096777
1111.40996777
1110.56696779
1111.57496776
1111.64696776
1110.32396780
1112.36996774
1109.34896783
1109.55596782
1110.70496779
1112.81096773
1109.43596783
1110.64196779
1111.98296775
1111.90796775
1109.27996783
1110.28196780
1109.33096783
1110.85496779
1111.76396776
1111.46396777
1111.21496777
1112.50196774
1111.95596775
1110.75596779
1111.13096778
1111.61096776
1113.16196772
1110.78596779
1111.31996777
1108.71296785
1112.11496775
1112.13296775
1110.31496780
1111.82096776
1112.08796775
1110.80996779
1110.54296779
1112.87396773
1110.96896778
1111.37396777
1111.75196776
1111.36196777
1111.13996778
1111.16396778
1110.59396779
1110.84296779
1108.30196786
1111.68296776
1113.09296772
1110.20096780
1111.41296777
1111.48196777
1113.74996770
1111.43096777
1111.81796776
1111.59296776
1111.25996777
1110.09296781
1109.35796783
1109.39996783
1109.84096781
1110.00896781
1111.43996777
1113.37196771
1113.59696771
1113.42296771
1110.95396778
1109.95796781
1111.07096778
1108.31696786
1113.01196772
1108.93496784
1109.58596782
1109.80496782
1110.44696780
1111.49396777

1109.01596784
1112.56196774
1110.93596778
1111.19096778
1110.24596780
1110.77696779
1111.29296777
1110.62996779
1108.81496784
1110.26996780
1110.57896779
1110.06296781
1110.10796781
1112.79596773
1113.79196770
1111.85096776
1111.49396777
1112.00996775
1110.13496781
1110.66596779
1111.01696778
1109.52596782
1112.07296775
1110.97796778
1112.15996775
1111.65296776
1112.29496774
1109.74796782
1108.81196784
1109.90696781
1111.39796777
1110.57896779
1111.56596776
1109.47496783
1110.41096780
1110.73196779
1108.78196785
1112.72096773
1109.72096782
1114.59596768
1110.85496779
1109.42096783
1110.01496781
1110.92096778
1110.36596780
1108.34696786
1110.21596780
1110.40496780
1110.01196781
1111.89596776
1111.27796777
1113.06896772
1112.56496774
1114.01996769
1112.50196774
1110.31796780
1112.81396773
1111.46396777
1109.77196782
1110.50696780
1109.99096781
1112.38796774
1110.84896779
1109.46296783

1110.08696781
1111.84196776
1110.59096779
1112.40896774
1110.16796781
1110.87896778
1110.92096778
1110.28196780
1111.88696776
1112.66996773
1109.68796782
1110.74396779
1109.83496781
1109.54696782
1111.05596778
1111.37096777
1112.13896775
1112.24096775
1111.17896778
1109.99996781
1109.39996783
1109.17796783
1110.83696779
1112.75096773
1110.27896780
1112.33696774
1111.07996778
1111.34396777
1109.58596782
1107.53996788
1110.37196780
1108.48496785
1110.27596780
1112.06696775
1108.39796786
1111.67396776
1111.91996775
1112.71796773
1113.45296771
1110.20096780
1111.13096778
1110.45896780
1113.40496771
1113.33596771
1111.10996778
1111.67996776
1111.80896776
1109.92796781
1113.68396770
1110.24896780
1110.68696779
1108.67396785
1110.27596780
1110.52496779
1110.45896780
1111.38596777
1111.21496777
1110.31196780
1110.83396779
1113.32396771
1110.64796779
1110.95096778
1112.77196773
1110.40196780
1111.09496778
1112.61596773
1112.63696773
1111.51196777
1110.61196779
1110.77996779
1113.95396770
1111.59596776
1110.23996780
1109.41196783
1112.21096775
1110.95396778
1110.92696778
1111.72796776
1108.53596785
1108.77896785
1111.09796778
1109.68196782
1111.41596777
1112.62496773
1111.98896775
1110.83096779
1111.52696777
1112.86796773
1111.66496776
1111.98296775
1112.84096773
1113.94196770
1110.23096780
1109.15696783
1108.20296786
1113.07496772
1112.35496774
1113.02396772
1111.79996776
1111.63796776
1111.24796777
1110.78596779
1111.42196777
1112.39396774
1111.83296776
1110.99596778
1111.82696776
1108.88096784
1111.71896776
1110.58196779
1111.87796776
1110.88196778
1113.08996772
1109.51396782
1111.20596778
1111.80296776
1109.34296783
1110.61796779
1107.83396787
1111.97096775
1110.15596781
1110.20096780
1111.86296776
1110.23396780
1110.33896780
1110.84896779
1110.95696778
1111.76096776

1109.87396781
1111.77296776
1111.53596777
1111.66196776
1110.86696778
1109.60696782
1111.48796777
1110.85496779
1109.03996784
1110.60896779
1110.42296780
1109.72096782
1111.31696777
1112.20196775
1111.76996776
1112.27396774
1112.65496773
1112.87696773
1111.24196777
1110.78296779
1110.19496780
1111.78796776
1111.22096777
1110.11996781
1111.70996776
1111.94696775
1110.73796779
1110.00296781
1110.02996781
1110.83696779
1109.70296782
1110.16496781
1110.80096779
1110.38996780
1109.58596782
1109.77496782
1109.78096782
1110.05996781
1110.58196779
1108.04696787
1111.36496777
1112.77796773
1112.80196773
1111.89296776
1108.63796785
1111.88696776
1110.77096779
1110.90296778
1109.00396784
1111.54796777
1112.74196773
1111.00796778
1112.97296772
1109.96996781
1111.56296776
1110.56396779
1111.30196777
1109.40596783
1108.54196785
1107.59096788
1112.21696775
1109.94296781
1108.49396785
1108.95296784

1111.21196777
1111.39196777
1110.04196781
1109.00096784
1113.69896770
1108.97696784
1110.59696779
1111.27196777
1110.29396780
1111.76096776
1111.34996777
1111.70396776
1109.39396783
1109.01296784
1111.52396777
1110.44696780
1112.27096774
1112.45096774
1109.86796781
1111.76396776
1111.52696777
1111.55996776
1111.12496778
1110.71096779
1111.90496775
1109.46896783
1111.68896776
1111.65296776
1109.80196782
1110.33896780
1112.46296774
1110.56696779
1111.52396777
1110.43496780
1111.46096777
1111.49396777
1113.09596772
1113.20396772
1112.29196774
1112.14796775
1111.83896776
1109.12396784
1110.35696780
1112.54696774
1109.28596783
1108.69196785
1110.86696778
1108.32596786
1110.87896778
1112.25896774
1112.93396772
1110.57896779
1111.44296777
1111.88096776
1112.48396774
1110.71696779
1110.57896779
1110.59096779
1111.55696776
1109.12096784
1110.62996779
1111.74296776
1110.49496780
1109.98796781
1108.36496786
1113.10196772
1112.16596775
1110.65996779
1109.84696781
1108.86296784
1108.15796786
1111.05296778
1109.98496781
1109.66696782
1110.21596780
1110.81296779
1110.98696778
1113.36896771
1110.81596779
1109.68496782
1110.22196780
1113.17696772
1110.90296778
1112.56196774
1111.24496777
1110.29396780
1113.88796770
1109.69696782
1112.32796774
1111.05896778
1112.79896773
1110.76796779
1108.21196786
1110.74996779
1110.32096780
1109.36996783
1109.38196783
1112.99696772
1110.24296780
1111.87796776
1111.09796778
1109.81096782
1111.30796777
1112.29196774
1111.11596778
1108.87496784
1112.26796774
1110.52796779
1111.63196776
1110.98696778
1110.56396779
1110.96896778
1109.13896783
1111.90796775
1112.87096773
1109.67296782
1111.90196775
1112.29796774
1111.95896775
1110.90896778
1111.06496778
1111.73096776
1114.13696769
1111.44596777
1110.59396779
1109.60096782
1110.97196778
1111.79696776

1109.41796783
1111.62596776
1109.90996781
1111.76096776
1109.84996781
1111.51496777
1111.18496778
1111.77896776
1113.77096770
1112.81696773
1111.20896777
1109.57996782
1112.96996772
1110.77996779
1108.84796784
1111.70096776
1111.70996776
1110.82196779
1109.23796783
1110.79196779
1109.78996782
1110.97196778
1113.73496770
1112.06096775
1109.02196784
1111.19996778
1112.54396774
1109.12996784
1110.04796781
1110.89396778
1110.62696779
1109.00096784
1113.04796772
1109.07596784
1112.19596775
1111.14296778
1108.78796785
1111.49696777
1113.48296771
1112.41496774
1112.21096775
1109.45396783
1110.69596779
1110.66896779
1108.91996784
1109.73896782
1111.65896776
1111.70696776
1110.39896780
1109.37296783
1111.43096777
1113.33596771
1109.56196782
1111.37096777
1111.96196775
1108.65896785
1109.74496782
1110.11696781
1109.39396783
1112.03696775
1112.46896774
1111.25996777
1112.09096775
1113.84896770

1110.12296781
1109.51396782
1111.65896776
1112.56496774
1112.02196775
1111.34996777
1109.34896783
1111.70396776
1112.38496774
1112.71196773
1112.28596774
1110.53096779
1110.20396780
1108.36796786
1108.85396784
1109.02196784
1109.25896783
1110.04796781
1109.92196781
1110.31496780
1111.85996776
1110.61796779
1109.96996781
1110.91196778
1109.97596781
1111.94696775
1111.14896778
1112.52596774
1112.99996772
1113.88796770
1111.44896777
1110.00896781
1110.22496780
1111.61696776
1111.04996778
1109.69996782
1110.43496780
1111.54496777
1110.78596779
1111.07996778
1112.18396775
1111.60796776
1110.13796781
1109.68796782
1111.25096777
1109.70296782
1110.47396780
1109.81096782
1110.44696780
1111.52396777
1110.98996778
1109.49596782
1110.95996778
1111.64396776
1107.83396787
1112.68496773
1109.92796781
1112.23496775
1112.87096773
1110.42896780
1110.92996778
1110.72296779
1109.22296783
1110.74996779
1113.45596771
1110.91196778
1109.52596782
1113.04796772
1111.02596778
1111.04096778
1111.72196776
1109.88896781
1110.03596781
1112.37296774
1110.17396780
1112.03096775
1110.48896780
1112.22596775
1112.78996773
1108.88996784
1110.01496781
1110.12896781
1111.64696776
1112.36996774
1110.52196779
1111.35296777
1111.77596776
1110.94196778
1109.01296784
1111.68296776
1109.62796782
1110.57296779
1111.36496777
1112.76596773
1110.41696780
1110.76796779
1112.14496775
1109.72996782
1110.48596780
1110.79196779
1109.51096782
1111.94396775
1112.34896774
1112.60096773
1110.56696779
1109.91296781
1113.29396771
1113.04796772
1109.49896782
1111.69196776
1109.78996782
1110.64796779
1111.37396777
1111.87496776
1112.13596775
1107.47696788
1112.21996775
1112.90396773
1109.42396783
1109.59796782
1111.58096776
1109.77196782
1111.58996776
1110.91196778
1110.85796779
1111.65596776
1108.69496785
1111.97996775

1111.78196776
1111.62896776
1112.53796774
1110.58796779
1112.56196774
1111.30496777
1111.58696776
1108.54796785
1111.09196778
1111.04696778
1111.44296777
1110.08696781
1110.43496780
1113.27596771
1112.08496775
1111.42196777
1109.83496781
1110.56096779
1110.32396780
1110.27296780
1112.21396775
1109.83496781
1112.30096774
1109.37596783
1110.66896779
1111.30496777
1110.61796779
1111.36496777
1114.34996768
1107.27596789
1110.77096779
1110.29096780
1109.35796783
1111.19696778
1108.74596785
1109.66696782
1111.75796776
1109.64596782
1110.16496781
1110.31496780
1110.05096781
1110.64496779
1110.79796779
1110.69596779
1111.18796778
1109.11796784
1112.94596772
1111.20296778
1111.78796776
1111.86596776
1111.92596775
1110.88796778
1109.15396783
1111.42796777
1112.18696775
1109.08196784
1110.47096780
1107.59996788
1110.78896779
1109.66996782
1110.08996781
1112.53796774
1109.31896783
1112.69396773

1112.63396773
1110.86096779
1110.60896779
1111.75796776
1110.78296779
1113.12296772
1110.55796779
1113.43796771
1112.75396773
1109.90996781
1109.83196781
1110.74096779
1110.84596779
1110.10796781
1109.84396781
1109.18396783
1109.40296783
1111.85396776
1112.46296774
1110.63596779
1109.47496783
1110.98696778
1112.39096774
1111.44296777
1111.67096776
1110.29996780
1108.78496785
1114.72796767
1111.54496777
1112.21096775
1110.50696780
1110.50096780
1110.86996778
1109.94896781
1109.79296782
1110.82196779
1109.74796782
1111.85096776
1111.82696776
1110.90296778
1110.77996779
1109.31896783
1112.92196773
1110.59696779
1110.22496780
1110.83396779
1110.37796780
1111.64396776
1111.45496777
1110.95996778
1111.77596776
1113.08396772
1113.21296772
1112.95496772
1110.44696780
1112.09096775
1112.38196774
1108.04396787
1111.36796777
1110.15296781
1111.00496778
1110.44096780
1110.46496780
1110.44696780
1113.85196770
1111.27196777
1111.82696776
1115.81396764
1110.29996780
1111.09196778
1112.27996774
1113.01196772
1110.14096781
1114.46396768
1110.03596781
1111.48496777
1109.93396781
1112.74196773
1112.02196775
1109.61896782
1112.84096773
1111.40096777
1112.14796775
1110.46796780
1111.87796776
1111.59596776
1108.16696786
1110.00296781
1110.52196779
1110.52196779
1111.14596778
1109.39396783
1110.82796779
1113.80696770
1109.27696783
1112.51396774
1112.42996774
1111.22096777
1110.08096781
1110.58796779
1109.06696784
1112.21996775
1110.34196780
1109.02196784
1110.32096780
1111.03496778
1111.07396778
1111.03796778
1109.24996783
1109.01296784
1110.64796779
1111.87796776
1110.20396780
1110.85496779
1110.89996778
1110.55196779
1110.70496779
1112.60096773
1109.41196783
1109.55296782
1107.59996788
1110.47996780
1110.45596780
1110.36596780
1110.99296778
1111.32896777
1107.61796788
1109.63996782

1110.78296779
1111.18796778
1112.38196774
1111.83296776
1110.65096779
1111.25396777
1112.06396775
1113.76196770
1111.36796777
1110.20396780
1108.07696787
1109.49896782
1111.45496777
1109.23496783
1111.04996778
1113.20396772
1110.32696780
1111.34396777
1111.33196777
1109.66996782
1112.74196773
1109.81996782
1110.31496780
1110.58196779
1108.66796785
1109.97296781
1111.13696778
1109.00396784
1110.76496779
1111.59596776
1109.88596781
1110.07496781
1111.99496775
1111.03496778
1110.38696780
1110.15896781
1110.41096780
1108.31996786
1111.50296777
1108.49996785
1110.65396779
1110.66596779
1109.91296781
1109.39396783
1112.14196775
1111.40996777
1109.52596782
1109.45996783
1110.75896779
1110.07196781
1110.81896779
1110.38096780
1113.37796771
1111.37096777
1112.04596775
1110.26996780
1111.12496778
1111.07996778
1108.91696784
1112.27396774
1110.61196779
1110.69296779
1110.42896780
1112.36696774

1109.90996781
1110.92696778
1110.52496779
1111.45496777
1111.28696777
1110.12296781
1108.32296786
1110.62696779
1110.67796779
1111.34996777
1111.11896778
1110.13196781
1109.77496782
1111.19396778
1111.56296776
1113.29396771
1111.32296777
1110.09596781
1110.43196780
1110.74696779
1111.43696777
1109.47796783
1108.76396785
1111.20896777
1109.28296783
1110.86696778
1110.67196779
1111.17296778
1111.02596778
1110.81296779
1111.35296777
1110.33296780
1108.59596785
1111.35296777
1113.02696772
1110.68396779
1112.87696773
1111.31396777
1111.85396776
1110.09296781
1109.97296781
1111.71296776
1110.59696779
1109.99996781
1111.83296776
1109.63696782
1110.89396778
1109.32496783
1111.31996777
1111.01096778
1110.09296781
1112.26796774
1111.81196776
1106.04296792
1109.62496782
1109.42696783
1110.85496779
1109.69096782
1112.30696774
1110.10796781
1111.80296776
1110.04496781
1108.55096785
1109.69096782
1112.30696774
1109.60696782
1107.97796787
1110.57596779
1111.66796776
1111.59596776
1110.89696778
1112.32496774
1110.01796781
1110.65096779
1112.10296775
1113.48596771
1112.11196775
1108.67696785
1112.51696774
1112.71196773
1112.29796774
1112.42696774
1112.62496773
1110.44396780
1111.72196776
1111.01996778
1110.98996778
1111.06196778
1108.64396785
1112.12096775
1108.07696787
1112.24396774
1111.05296778
1112.03696775
1110.24596780
1111.01696778
1111.49096777
1113.85196770
1109.16596783
1111.28396777
1109.64296782
1108.93796784
1111.34096777
1111.54196777
1111.82696776
1109.52896782
1111.11296778
1111.29896777
1111.73096776
1109.63396782
1111.82396776
1109.99096781
1110.62396779
1113.35996771
1113.09896772
1111.80896776
1110.30596780
1111.60196776
1108.29896786
1111.26896777
1110.52796779
1108.43996786
1108.25396786
1113.16496772
1110.28496780
1112.53496774
1111.55696776
1111.70996776

1109.95496781
1113.28496771
1110.18596780
1111.75496776
1111.96496775
1113.14396772
1112.37296774
1112.22296775
1111.14896778
1108.64396785
1111.10996778
1112.40596774
1110.41096780
1111.82396776
1111.73396776
1112.02796775
1108.64996785
1111.88396776
1112.68796773
1112.04296775
1110.84896779
1111.66196776
1111.70996776
1109.56796782
1110.27896780
1110.67196779
1111.13096778
1113.17996772
1109.68196782
1109.00096784
1111.40696777
1111.94096775
1111.65596776
1112.86196773
1112.58596774
1110.41996780
1109.83196781
1110.59996779
1111.85396776
1109.48696782
1112.35796774
1111.06796778
1111.21196777
1111.07696778
1110.98696778
1111.72196776
1109.63696782
1110.91496778
1110.91496778
1110.20096780
1110.89996778
1111.18196778
1111.87796776
1110.98996778
1111.00496778
1111.10996778
1110.29396780
1113.20396772
1109.51696782
1112.02496775
1111.06496778
1111.27496777
1111.61396776
1109.88596781

1110.41096780
1110.19496780
1111.10096778
1109.57696782
1110.43196780
1111.35896777
1110.89696778
1110.54596779
1110.19496780
1110.34196780
1111.79996776
1109.15096783
1110.14996781
1111.65896776
1111.43996777
1109.34596783
1111.83596776
1110.12896781
1109.95196781
1110.26696780
1110.70196779
1112.00396775
1112.38496774
1112.58296774
1111.25696777
1113.31796771
1111.26296777
1111.87496776
1111.62296776
1111.17296778
1112.24096775
1111.33796777
1111.77596776
1108.95896784
1112.43596774
1109.65196782
1109.77796782
1109.15396783
1110.91496778
1111.80296776
1110.51296780
1111.83596776
1110.78896779
1112.54396774
1110.20996780
1110.62096779
1111.05296778
1111.63496776
1113.25796772
1110.77996779
1110.85196779
1109.09396784
1109.69696782
1113.04496772
1109.67896782
1113.81896770
1110.26096780
1112.67596773
1111.19096778
1109.06096784
1110.64196779
1109.10296784
1108.24196786
1109.22296783
1114.22096769
1110.77996779
1111.44896777
1109.28896783
1110.64796779
1112.03696775
1109.45996783
1109.33396783
1110.24896780
1113.94196770
1110.38396780
1113.17996772
1109.11796784
1110.52496779
1110.89396778
1110.69296779
1111.02896778
1110.90596778
1109.21996783
1111.63496776
1111.94996775
1111.85396776
1111.69196776
1112.38796774
1111.46396777
1110.43796780
1110.74696779
1111.67696776
1112.75096773
1112.15396775
1110.06296781
1109.60096782
1110.38996780
1111.22096777
1110.83396779
1110.86096779
1108.97396784
1110.64496779
1111.19696778
1112.54396774
1112.35196774
1111.13096778
1112.00096775
1108.81796784
1109.13896783
1110.26396780
1111.76996776
1110.63596779
1110.98096778
1110.71396779
1111.38896777
1111.80296776
1110.32396780
1109.63996782
1111.79396776
1110.95096778
1110.30596780
1109.97296781
1112.41196774
1109.88896781
1109.95496781
1111.04996778
1108.28996786
1113.99596769

1112.67296773
1109.09996784
1112.36096774
1111.96196775
1110.05096781
1110.69896779
1110.90596778
1109.44196783
1109.32496783
1110.47396780
1111.08596778
1112.11496775
1110.77096779
1111.74296776
1112.15396775
1113.45896771
1111.53896777
1112.55296774
1111.58996776
1110.99896778
1111.55696776
1111.70096776
1109.11196784
1111.18196778
1109.21696783
1109.94896781
1111.47296777
1110.51896779
1111.16396778
1109.40296783
1112.15396775
1111.12496778
1110.75296779
1111.10096778
1111.97096775
1110.63896779
1112.22596775
1107.65996788
1109.89196781
1109.73296782
1111.20296778
1113.04196772
1111.07396778
1110.77996779
1109.83496781
1112.91296773
1111.06496778
1109.47796783
1110.54896779
1109.85296781
1109.79296782
1110.71096779
1111.31996777
1112.54996774
1111.09796778
1110.83696779
1109.16896783
1108.83896784
1110.77996779
1109.93396781
1110.19196780
1112.59496773
1113.42896771
1111.15796778

1110.68996779
1110.93896778
1109.77496782
1109.97296781
1110.05396781
1111.77896776
1111.41296777
1111.50596777
1110.86696778
1110.87896778
1111.07996778
1110.46196780
1110.68696779
1111.24796777
1110.95696778
1109.64896782
1110.62996779
1112.04896775
1110.16496781
1108.73696785
1110.82496779
1110.24896780
1112.76896773
1110.94796778
1110.45596780
1107.23396789
1110.07196781
1109.43296783
1112.60096773
1111.60496776
1110.84596779
1113.17696772
1109.39996783
1109.59796782
1109.32496783
1110.74996779
1109.50196782
1109.63696782
1109.54396782
1110.27596780
1110.22196780
1112.13596775
1111.72196776
1111.15796778
1109.02796784
1111.17896778
1110.70496779
1108.49396785
1110.71096779
1113.17096772
1107.92696787
1110.99896778
1112.08196775
1112.07296775
1108.32296786
1110.38696780
1111.78796776
1110.72896779
1111.78196776
1110.55796779
1110.22796780
1110.78896779
1111.90196775
1110.36296780
1110.54896779
1111.63496776
1111.57496776
1109.23496783
1111.92896775
1112.78996773
1112.01296775
1110.58796779
1109.02496784
1110.28796780
1113.03296772
1110.92996778
1113.56696771
1110.42896780
1108.96796784
1111.27796777
1109.78096782
1109.99696781
1110.15596781
1110.44396780
1108.99496784
1109.83496781
1111.53596777
1109.15996783
1112.61896773
1111.23596777
1113.26396772
1110.64196779
1109.75096782
1111.21196777
1112.93396772
1111.92896775
1110.37196780
1112.44796774
1112.39396774
1111.18496778
1110.50696780
1108.80596784
1112.62496773
1110.82196779
1108.66496785
1109.94596781
1112.14496775
1109.78696782
1111.33496777
1111.12796778
1110.02996781
1112.79296773
1112.10596775
1107.83396787
1109.30096783
1113.50396771
1110.99296778
1111.83896776
1111.49096777
1114.51796768
1110.97796778
1111.24496777
1112.12996775
1113.03596772
1109.41796783
1113.06596772
1110.47696780
1109.43296783

1110.15596781
1111.61996776
1111.26296777
1110.81296779
1109.25596783
1111.16696778
1110.92996778
1113.16496772
1110.54896779
1112.90096773
1111.65596776
1113.11396772
1109.83796781
1111.71296776
1111.35296777
1109.80196782
1111.64696776
1109.73896782
1110.57596779
1110.27296780
1112.51996774
1111.79096776
1111.40396777
1109.15996783
1110.95696778
1109.82596782
1111.52096777
1110.29096780
1109.03996784
1112.91596773
1112.03396775
1108.11296786
1111.10096778
1111.43696777
1114.09796769
1114.28996769
1109.58296782
1110.25196780
1110.67796779
1110.95096778
1111.74896776
1109.43296783
1112.81696773
1112.55596774
1110.38996780
1110.30296780
1110.42596780
1113.68996770
1110.40196780
1110.33596780
1111.79696776
1111.68896776
1111.63196776
1110.52496779
1110.36896780
1110.65996779
1111.58696776
1112.16896775
1109.01596784
1110.72596779
1111.32596777
1111.72196776
1111.85096776
1112.04596775

1109.83196781
1109.63396782
1111.02596778
1110.17696780
1110.07196781
1113.01796772
1108.87796784
1109.92196781
1110.90596778
1110.11996781
1112.44796774
1110.18596780
1110.44396780
1110.51896779
1109.38196783
1110.80396779
1111.88996776
1111.94696775
1109.87096781
1109.44796783
1111.61996776
1109.90396781
1110.29396780
1110.25496780
1111.71896776
1113.18296772
1113.69296770
1110.89396778
1110.09596781
1111.08896778
1109.54396782
1110.50096780
1109.16896783
1112.19296775
1112.79896773
1111.04996778
1112.66096773
1110.67196779
1110.46196780
1111.25396777
1112.50796774
1110.95696778
1111.11596778
1110.45896780
1111.38896777
1109.53496782
1109.43296783
1110.84896779
1108.96796784
1110.73796779
1111.88096776
1112.26196774
1110.33896780
1112.02196775
1110.15296781
1109.52296782
1111.14296778
1109.02496784
1110.85796779
1109.01896784
1112.69096773
1109.02496784
1107.87296787
1112.92196773
1111.19996778
1113.95396770
1109.09396784
1108.97696784
1113.78596770
1112.60996773
1111.88696776
1112.61296773
1112.17196775
1112.24696774
1110.82796779
1108.97996784
1111.35296777
1111.61996776
1111.82696776
1111.72196776
1110.20396780
1109.67896782
1108.98896784
1112.03996775
1111.11596778
1109.46296783
1107.38996789
1112.84996773
1110.98996778
1110.17996780
1111.44596777
1109.48696782
1110.23096780
1110.42596780
1108.02896787
1112.16296775
1110.86996778
1112.33096774
1111.94996775
1113.32396771
1108.22696786
1109.93996781
1109.75996782
1112.50196774
1112.10596775
1111.79096776
1111.33196777
1111.25996777
1111.17296778
1109.99396781
1111.41596777
1113.84596770
1113.28196771
1109.12696784
1111.82096776
1111.55396776
1109.13896783
1109.63396782
1109.75096782
1112.00996775
1113.04796772
1109.37296783
1111.51796777
1112.34596774
1112.28896774
1111.96496775
1112.39096774
1111.03796778

1110.89396778
1110.52196779
1110.50096780
1111.78196776
1111.76696776
1110.47696780
1113.52796771
1111.36196777
1110.73496779
1108.89596784
1109.82896781
1113.20696772
1110.74996779
1112.05796775
1111.86296776
1109.08796784
1110.55496779
1112.41496774
1110.06596781
1111.42796777
1112.54396774
1110.07796781
1109.05196784
1111.34396777
1111.41896777
1109.87396781
1109.22596783
1110.26096780
1111.25396777
1110.69296779
1111.16996778
1110.47396780
1111.65896776
1110.29696780
1110.67496779
1108.19396786
1110.57296779
1110.19496780
1109.09696784
1109.22596783
1109.63096782
1108.11896786
1110.49796780
1109.64596782
1112.90696773
1111.34396777
1111.98896775
1111.52996777
1112.15096775
1111.58696776
1109.53196782
1111.46396777
1113.98696769
1113.61196771
1110.88496778
1109.93996781
1110.55196779
1114.09196769
1113.27596771
1108.22096786
1110.40796780
1109.88896781
1110.17096781
1112.53796774

1110.15596781
1110.17396780
1108.71596785
1111.62296776
1110.99896778
1108.43096786
1109.09696784
1112.62496773
1111.69796776
1111.17596778
1109.14196783
1111.12496778
1111.32296777
1112.83496773
1111.18196778
1112.72096773
1108.36496786
1110.52496779
1110.02396781
1111.37996777
1109.67596782
1109.22296783
1108.57196785
1111.96196775
1111.17596778
1112.43596774
1112.48696774
1111.01396778
1112.71796773
1108.95296784
1110.23396780
1110.89996778
1107.50096788
1108.73696785
1110.73496779
1109.98496781
1109.24696783
1110.87896778
1110.90896778
1111.47296777
1109.76596782
1109.60396782
1110.27296780
1112.16296775
1111.46396777
1111.89296776
1111.24796777
1111.49696777
1109.57096782
1112.38196774
1112.21996775
1110.02696781
1109.21696783
1111.42496777
1112.86496773
1110.51296780
1110.76796779
1108.79096785
1111.05296778
1111.95296775
1109.19596783
1110.11396781
1113.36296771
1111.00796778
1109.40896783
1112.21696775
1110.96896778
1112.12096775
1112.95196772
1109.35796783
1114.49996768
1110.41396780
1111.78496776
1109.15096783
1110.72596779
1110.76496779
1111.73696776
1110.49796780
1110.98996778
1113.88496770
1109.32196783
1110.63896779
1109.63396782
1112.00096775
1110.19496780
1111.66196776
1112.41796774
1111.73696776
1111.01396778
1111.21496777
1110.08396781
1111.31096777
1112.36396774
1108.77596785
1110.08096781
1111.01396778
1112.10896775
1110.41396780
1109.65196782
1112.08196775
1112.66096773
1110.83696779
1110.95396778
1109.97296781
1110.57296779
1109.75696782
1112.43596774
1110.23996780
1110.29096780
1110.26396780
1112.51096774
1113.09296772
1108.69796785
1110.35096780
1109.05196784
1110.82196779
1111.06496778
1111.74296776
1111.42496777
1112.96396772
1109.38196783
1110.59696779
1111.02296778
1110.79196779
1111.22696777
1109.43296783
1109.80796782
1109.32496783

1111.46396777
1109.85596781
1111.67696776
1113.98396769
1110.58196779
1109.73596782
1111.86896776
1110.56396779
1110.84896779
1111.80296776
1111.70696776
1111.40696777
1110.68696779
1113.76496770
1110.78296779
1113.41696771
1109.13296784
1111.01096778
1112.10896775
1111.26896777
1110.94796778
1112.18396775
1112.28896774
1110.01196781
1111.24796777
1108.68296785
1108.18796786
1111.44896777
1112.42396774
1112.99396772
1111.01696778
1111.93196775
1110.86096779
1110.61196779
1112.44196774
1109.90996781
1110.96896778
1110.86396778
1112.01596775
1111.03196778
1112.15996775
1111.06796778
1109.18096783
1112.79596773
1110.29396780
1110.84296779
1111.12496778
1110.95396778
1110.26996780
1108.80296784
1111.80296776
1111.47596777
1111.75496776
1113.50996771
1109.69996782
1110.01196781
1112.39096774
1110.05396781
1110.00896781
1112.03996775
1110.81596779
1111.63196776
1110.47396780
1110.37196780

1113.22196772
1110.37796780
1110.11996781
1109.93996781
1108.43096786
1111.52096777
1109.59496782
1112.01596775
1110.49496780
1109.17496783
1111.55696776
1108.43696786
1111.10996778
1111.85096776
1113.65996770
1113.09596772
1110.84596779
1112.76896773
1110.80396779
1111.52696777
1111.04096778
1113.26396772
1109.77796782
1109.96396781
1113.85496770
1112.92496773
1110.08096781
1109.01596784
1109.76596782
1109.96396781
1110.84596779
1112.40896774
1112.50796774
1111.25696777
1112.35496774
1111.06496778
1109.53196782
1112.47796774
1111.00196778
1112.01296775
1113.66596770
1112.22896775
1110.45596780
1113.12296772
1112.83496773
1112.36996774
1109.60696782
1112.13896775
1111.63196776
1113.62096770
1111.38596777
1112.61896773
1113.66896770
1110.30896780
1110.56696779
1110.21296780
1111.54496777
1113.14096772
1111.59896776
1112.30996774
1112.25596774
1112.59796773
1111.70696776
1111.83296776
1112.30996774
1109.75996782
1108.48796785
1110.29396780
1113.22496772
1109.36396783
1108.29296786
1111.29296777
1112.14496775
1112.72396773
1110.65996779
1111.23896777
1111.46096777
1112.15396775
1111.73696776
1110.29996780
1113.53696771
1109.23196783
1110.40796780
1111.05896778
1110.32696780
1111.55696776
1112.60396773
1110.29396780
1109.58596782
1108.89596784
1111.24496777
1110.04196781
1112.98796772
1111.67396776
1110.60596779
1110.30596780
1110.93296778
1110.11096781
1110.97196778
1111.55696776
1108.85396784
1112.53796774
1110.26396780
1110.51896779
1110.84896779
1110.63896779
1110.91196778
1112.01896775
1111.12796778
1111.31096777
1111.62896776
1109.71796782
1112.33096774
1111.69796776
1113.29996771
1109.33396783
1111.95896775
1109.27396783
1112.08496775
1113.22196772
1109.93396781
1112.64896773
1111.82996776
1113.02996772
1111.68296776
1110.71696779
1110.35096780
1110.83396779

1109.95796781
1109.50496782
1110.29096780
1109.10596784
1111.42196777
1111.72496776
1110.90896778
1110.23096780
1108.67096785
1113.81596770
1110.79196779
1110.40196780
1112.14196775
1111.93796775
1112.67296773
1108.54796785
1112.35496774
1111.36796777
1109.75696782
1111.05596778
1110.33596780
1110.48896780
1109.82596782
1109.33996783
1109.18096783
1110.87296778
1111.34396777
1109.30696783
1108.56896785
1109.77196782
1111.19096778
1110.06596781
1112.43896774
1111.57796776
1109.96696781
1112.06396775
1109.99996781
1112.96396772
1111.14596778
1109.40296783
1110.00296781
1108.58396785
1111.85996776
1109.36396783
1111.96496775
1110.58196779
1108.94996784
1110.83996779
1110.67796779
1110.74696779
1111.37096777
1109.43596783
1110.45896780
1111.36796777
1111.92896775
1111.26596777
1112.99096772
1110.08696781
1109.80796782
1111.04396778
1110.49196780
1112.43896774
1110.22796780
1110.75596779

1111.88996776
1110.00896781
1111.74896776
1110.15596781
1110.55796779
1109.94296781
1112.81696773
1109.86496781
1110.37796780
1110.13496781
1112.21096775
1108.09796787
1110.57596779
1110.53696779
1111.81496776
1110.28496780
1112.10296775
1111.30496777
1112.68796773
1109.62796782
1110.66296779
1110.78296779
1109.37896783
1110.24296780
1112.05796775
1111.49396777
1111.99496775
1112.34296774
1110.71696779
1112.06096775
1111.10396778
1111.22996777
1112.21996775
1108.38596786
1108.26896786
1109.32496783
1110.46196780
1110.12596781
1110.12596781
1111.20296778
1109.34896783
1111.83596776
1108.74896785
1112.38796774
1111.35896777
1110.85496779
1109.02796784
1111.34096777
1109.60696782
1109.77796782
1109.94596781
1112.64296773
1110.88496778
1110.08396781
1112.46296774
1108.90196784
1109.54096782
1110.62996779
1111.79396776
1110.76496779
1110.80096779
1111.68296776
1110.10196781
1110.74096779
1111.28396777
1111.11896778
1108.92296784
1107.88496787
1110.36296780
1111.31696777
1111.19396778
1111.69196776
1109.66696782
1110.93296778
1110.32696780
1110.46196780
1111.46696777
1108.54496785
1109.92196781
1109.56496782
1109.84996781
1111.08896778
1110.28196780
1108.78196785
1109.93696781
1108.45496785
1110.66596779
1111.01096778
1111.49396777
1110.02996781
1108.77596785
1112.39396774
1112.31296774
1112.30096774
1108.64996785
1112.00396775
1112.48996774
1112.19896775
1110.65996779
1111.06196778
1112.26196774
1110.41696780
1112.03396775
1110.22796780
1109.47796783
1110.80096779
1113.39596771
1110.60296779
1113.68396770
1110.56096779
1111.34696777
1110.67196779
1111.18196778
1112.75996773
1114.39496768
1110.98096778
1110.36296780
1109.81996782
1108.67096785
1110.10196781
1110.19796780
1114.55096768
1111.05596778
1111.43996777
1110.78596779
1112.90696773
1111.75196776
1110.98696778

1108.87796784
1111.16096778
1111.52696777
1110.30596780
1112.78396773
1109.58296782
1110.90296778
1111.72796776
1111.50896777
1110.44996780
1110.10196781
1111.35896777
1111.11896778
1112.15396775
1110.31196780
1110.31796780
1110.30296780
1111.59896776
1111.35296777
1111.08596778
1108.99496784
1110.56696779
1111.45796777
1110.18596780
1112.70296773
1111.57496776
1109.98196781
1111.12196778
1111.11596778
1112.03096775
1109.47796783
1109.19596783
1109.18696783
1109.46896783
1111.66496776
1109.93396781
1111.66196776
1112.38796774
1108.97096784
1110.63296779
1111.69196776
1109.89796781
1108.67696785
1109.83196781
1108.84796784
1112.86196773
1109.86496781
1113.14996772
1111.01696778
1112.21996775
1111.04996778
1110.46796780
1108.94096784
1112.01296775
1114.57796768
1112.58596774
1111.92596775
1108.45796785
1109.99396781
1114.55096768
1110.41996780
1110.69596779
1111.91696775
1109.22596783

1110.40796780
1111.79096776
1110.41696780
1111.12196778
1108.80296784
1110.26096780
1110.47996780
1109.19896783
1109.77796782
1108.79396784
1109.90996781
1110.86696778
1113.03596772
1111.76696776
1112.15996775
1111.74596776
1109.53496782
1112.94596772
1110.98996778
1111.43996777
1109.49596782
1112.93696772
1111.98596775
1113.23396772
1110.23396780
1109.85896781
1109.27696783
1111.05896778
1110.36896780
1111.01396778
1110.53396779
1110.83696779
1110.79796779
1110.29096780
1110.30896780
1109.37896783
1111.98296775
1111.19696778
1111.50296777
1107.12596789
1111.96796775
1112.13596775
1108.94696784
1110.41396780
1110.88496778
1112.30396774
1109.96696781
1110.80396779
1109.95496781
1108.88396784
1109.19596783
1110.20996780
1111.27796777
1111.94096775
1111.63496776
1107.71996788
1112.58596774
1112.38496774
1113.60596771
1110.99896778
1111.03496778
1112.32496774
1109.33696783
1112.66696773
1111.64996776
1110.08996781
1111.39196777
1112.26496774
1109.61896782
1108.87496784
1109.01596784
1111.26596777
1109.69696782
1110.87896778
1111.47296777
1112.23796775
1112.66696773
1110.92996778
1110.72596779
1109.12696784
1109.52896782
1112.12696775
1111.93496775
1109.03096784
1108.33196786
1111.10096778
1113.90296770
1109.67596782
1111.91096775
1109.41196783
1111.33496777
1112.15696775
1110.76796779
1110.71396779
1111.14896778
1109.57696782
1110.25196780
1113.14696772
1110.90896778
1110.53696779
1111.37396777
1110.98096778
1109.71496782
1111.27496777
1113.22196772
1110.13196781
1112.22296775
1113.37196771
1110.89696778
1109.34896783
1110.82496779
1110.44696780
1112.71196773
1111.88096776
1113.00296772
1110.46196780
1111.66496776
1111.02296778
1110.63296779
1112.83196773
1112.24396774
1110.39296780
1112.00996775
1109.51096782
1111.31396777
1111.95296775
1109.86496781
1111.64396776

1110.69596779
1112.13296775
1113.69596770
1111.79696776
1110.83996779
1111.20896777
1109.69996782
1112.24396774
1112.29196774
1110.92096778
1108.94696784
1110.66596779
1111.59896776
1109.59196782
1109.95796781
1109.86796781
1109.83196781
1112.02196775
1111.21496777
1109.85296781
1112.01896775
1111.69796776
1111.77896776
1111.43096777
1109.55296782
1110.70796779
1111.61396776
1111.76696776
1111.79396776
1109.11496784
1108.78796785
1110.54296779
1111.62596776
1111.61996776
1110.45596780
1110.21596780
1110.13196781
1110.56996779
1108.24196786
1109.65196782
1113.00596772
1111.54196777
1109.96996781
1111.34396777
1108.20896786
1110.46196780
1111.01396778
1111.26296777
1110.05696781
1111.08596778
1111.78496776
1107.19796789
1108.31396786
1108.98896784
1109.34596783
1109.47496783
1110.24296780
1109.45996783
1109.74796782
1111.31096777
1110.60896779
1111.22396777
1110.61196779
1113.39896771

1110.52496779
1112.84096773
1112.11796775
1110.51596780
1111.11596778
1112.56796774
1110.89096778
1111.86896776
1111.70996776
1112.58896773
1109.98496781
1110.11096781
1112.85896773
1111.45196777
1112.36996774
1110.85796779
1111.22096777
1109.21096783
1111.15196778
1111.43096777
1108.50596785
1110.76196779
1114.11296769
1112.96696772
1110.22496780
1109.51696782
1110.70496779
1111.45196777
1111.31396777
1112.47796774
1111.46096777
1111.46696777
1110.24596780
1112.49896774
1111.05896778
1111.41296777
1110.24596780
1113.17696772
1111.88396776
1111.64396776
1113.34196771
1111.93796775
1109.33396783
1111.99496775
1110.18596780
1114.43396768
1111.89296776
1110.86696778
1108.52696785
1112.16896775
1110.47696780
1110.44696780
1109.49896782
1111.45196777
1111.01996778
1113.62396770
1111.36496777
1110.36296780
1111.22096777
1112.57696774
1111.67396776
1111.79096776
1110.17096781
1110.94796778
1109.07896784
1109.13596784
1110.12296781
1111.40696777
1110.08396781
1111.42496777
1111.41296777
1113.62996770
1112.90396773
1112.96696772
1108.17896786
1109.86496781
1111.91096775
1112.54096774
1112.52896774
1112.85596773
1109.64296782
1111.67996776
1108.71596785
1112.46896774
1110.56096779
1115.01296766
1111.78796776
1110.38696780
1110.56696779
1112.06996775
1111.94396775
1109.63696782
1112.72696773
1110.86996778
1112.84096773
1110.30596780
1109.93696781
1109.68196782
1109.16896783
1112.45696774
1110.84296779
1110.67196779
1110.88196778
1111.25096777
1110.46496780
1112.10596775
1110.57596779
1109.86796781
1109.67896782
1110.04496781
1111.78796776
1112.06396775
1108.73996785
1110.36896780
1108.63496785
1114.45496768
1111.57796776
1109.29796783
1111.81796776
1110.11996781
1112.43596774
1111.75496776
1111.91996775
1112.72996773
1110.07196781
1113.17996772
1108.17896786
1109.68196782

1110.94496778
1108.51796785
1109.41196783
1111.93196775
1112.72096773
1111.27496777
1110.10496781
1110.89996778
1109.51996782
1111.66196776
1111.32896777
1110.77696779
1110.17396780
1112.32496774
1111.48196777
1108.87796784
1111.72496776
1109.76596782
1112.12396775
1109.58296782
1110.20696780
1108.15796786
1108.73996785
1110.64496779
1112.61596773
1111.23896777
1111.47596777
1109.06396784
1110.88496778
1110.11996781
1111.41596777
1109.75096782
1109.30996783
1109.12696784
1110.80696779
1111.68296776
1109.54696782
1108.31996786
1110.45596780
1109.01596784
1113.00596772
1112.52296774
1110.76496779
1108.79396784
1113.74396770
1110.22196780
1111.38596777
1110.92396778
1111.59296776
1108.36496786
1113.00596772
1111.31696777
1110.31796780
1111.59296776
1110.82796779
1113.18896772
1113.25796772
1111.81496776
1111.69796776
1109.97896781
1109.25896783
1109.42396783
1111.43996777
1111.61096776

1109.42096783
1110.25796780
1112.81696773
1110.65996779
1111.82396776
1113.05096772
1109.31296783
1111.92896775
1108.50896785
1110.81896779
1112.23496775
1110.86096779
1111.02596778
1111.73096776
1109.40896783
1111.35296777
1109.74496782
1111.52696777
1113.38996771
1112.60696773
1113.20396772
1110.31496780
1113.79196770
1112.48396774
1108.72496785
1109.62196782
1112.30096774
1110.58196779
1110.28796780
1109.98796781
1111.45196777
1109.42996783
1113.13196772
1109.03396784
1111.41296777
1111.17296778
1111.01396778
1110.60296779
1111.23896777
1111.47596777
1112.14796775
1111.10096778
1109.57696782
1112.17496775
1109.54696782
1111.44896777
1112.98496772
1112.69096773
1112.01596775
1109.24696783
1111.79396776
1111.70996776
1110.70796779
1110.34796780
1111.87496776
1111.45496777
1109.85296781
1112.82296773
1112.18096775
1111.40396777
1113.59396771
1109.87696781
1111.62296776
1108.88096784
1109.83496781
1110.83396779
1112.80496773
1111.72796776
1108.19096786
1109.22596783
1112.26796774
1110.07196781
1111.67996776
1111.51796777
1109.40296783
1111.26296777
1108.49696785
1113.05696772
1110.46496780
1107.95396787
1109.64596782
1110.86696778
1108.75496785
1110.34496780
1110.40496780
1108.33196786
1109.17496783
1109.34896783
1111.50596777
1109.57996782
1109.75396782
1111.83296776
1111.05896778
1111.93496775
1111.49396777
1112.28596774
1110.75896779
1110.46196780
1111.95596775
1110.88496778
1110.54596779
1108.27196786
1109.39096783
1110.84296779
1110.15596781
1112.48996774
1110.71096779
1110.95096778
1109.40596783
1111.42196777
1111.32896777
1109.02796784
1113.13796772
1110.07196781
1110.02996781
1111.10696778
1112.17796775
1112.13896775
1110.68396779
1112.72996773
1111.45196777
1111.91396775
1111.07696778
1110.20996780
1111.01096778
1109.27996783
1111.35596777
1110.94796778

1113.81896770
1109.84996781
1109.34296783
1110.58496779
1110.29096780
1111.89896775
1112.03996775
1111.97096775
1110.27896780
1109.27096783
1109.78096782
1111.43696777
1111.42196777
1112.13596775
1111.17896778
1111.72796776
1111.01096778
1111.42196777
1110.76196779
1109.72096782
1111.03496778
1111.97996775
1110.73496779
1108.91696784
1109.12396784
1108.90496784
1110.67796779
1110.40796780
1111.20596778
1111.49396777
1111.77296776
1111.91396775
1110.30896780
1112.95196772
1111.43096777
1110.08696781
1112.60996773
1110.92696778
1108.86596784
1110.49496780
1112.35196774
1110.12296781
1110.45296780
1110.08696781
1112.78996773
1109.40896783
1112.98196772
1110.34496780
1110.60596779
1110.63596779
1108.73696785
1112.50196774
1111.68596776
1108.98896784
1109.85896781
1111.30196777
1110.77396779
1109.25896783
1109.76296782
1111.20596778
1110.03296781
1111.93196775
1111.00796778
1111.86896776

1108.83296784
1111.50896777
1109.00396784
1110.73496779
1112.58896773
1112.39396774
1111.37996777
1110.73196779
1110.77696779
1109.32496783
1110.19196780
1110.02696781
1113.31496771
1109.38196783
1111.62596776
1111.40396777
1108.79396784
1112.19296775
1112.88896773
1112.26796774
1110.55496779
1111.64696776
1111.77596776
1113.13496772
1110.01796781
1108.74896785
1109.69996782
1110.29996780
1109.65796782
1110.86996778
1111.62296776
1111.76996776
1111.01696778
1111.24796777
1111.99496775
1111.55996776
1109.42396783
1109.90996781
1111.27196777
1112.15396775
1109.70596782
1110.45596780
1110.65996779
1110.88496778
1110.49796780
1110.71396779
1110.62096779
1111.10996778
1109.91296781
1111.08596778
1110.46796780
1110.09296781
1108.56296785
1112.20196775
1111.85396776
1110.68996779
1108.64396785
1108.89596784
1113.23696772
1111.85396776
1110.73496779
1108.61096785
1112.88296773
1111.10396778
1110.84596779
1109.36096783
1113.60596771
1110.92096778
1111.76996776
1110.64496779
1113.60296771
1109.73596782
1109.37596783
1109.92796781
1112.69396773
1108.92596784
1112.47196774
1110.92096778
1110.01796781
1111.15796778
1111.46096777
1110.38996780
1110.74996779
1111.68896776
1111.88096776
1111.14896778
1111.34396777
1110.09596781
1109.91896781
1112.48696774
1113.42596771
1112.66096773
1111.03796778
1110.92396778
1111.05296778
1109.96396781
1111.34996777
1111.26596777
1113.27296772
1111.28996777
1111.24496777
1108.70696785
1110.70796779
1111.75196776
1111.69196776
1110.80096779
1111.03496778
1109.97596781
1110.74096779
1113.75896770
1109.26496783
1110.66296779
1110.23696780
1110.54896779
1111.23296777
1110.07796781
1112.74496773
1112.84396773
1110.55796779
1112.69996773
1110.50096780
1112.39096774
1112.05196775
1112.68196773
1112.16296775
1111.81196776
1111.30496777
1110.41696780

1111.78196776
1110.44996780
1111.96196775
1109.38496783
1109.19296783
1111.49396777
1110.72896779
1110.92396778
1111.71896776
1112.29496774
1115.60096765
1113.08696772
1113.33596771
1111.43096777
1112.84996773
1111.32896777
1111.61096776
1111.29296777
1108.55096785
1112.40296774
1109.38196783
1112.59496773
1107.84896787
1108.86296784
1110.26396780
1111.20896777
1110.99896778
1112.33996774
1108.78196785
1108.67096785
1112.28896774
1110.68696779
1112.73596773
1112.17496775
1111.70696776
1112.00096775
1111.63796776
1111.04096778
1111.55696776
1112.09396775
1112.03096775
1114.07096769
1111.01696778
1109.73896782
1110.78296779
1112.32496774
1113.37796771
1110.15896781
1107.43496788
1112.26496774
1111.55696776
1108.59896785
1109.33096783
1111.63196776
1110.45296780
1110.25796780
1110.75296779
1111.13996778
1110.60596779
1111.26896777
1109.83496781
1110.65396779
1109.62496782
1110.98696778

1111.11296778
1110.53396779
1109.72096782
1110.56996779
1113.11396772
1110.65996779
1112.54396774
1110.63596779
1108.58096785
1111.51796777
1109.94296781
1109.03996784
1109.62496782
1111.22696777
1110.56396779
1110.45896780
1112.38196774
1109.72396782
1109.75696782
1109.81396782
1110.55496779
1109.28596783
1109.12096784
1108.72796785
1110.88796778
1111.76696776
1112.93396772
1111.74596776
1111.26596777
1109.42696783
1112.83196773
1109.24096783
1111.37996777
1110.83696779
1109.29796783
1108.73396785
1113.74396770
1110.52196779
1109.17496783
1113.22496772
1109.86196781
1109.18396783
1109.74496782
1110.38096780
1112.56496774
1109.95496781
1111.50296777
1110.63296779
1109.94896781
1112.69996773
1113.15296772
1111.42796777
1110.43496780
1111.36196777
1111.12196778
1112.79596773
1110.18296780
1111.86296776
1112.69096773
1109.90996781
1108.25996786
1111.72496776
1111.17896778
1111.35596777
1112.29196774
1110.00596781
1111.92896775
1111.12496778
1110.09296781
1110.26996780
1109.62196782
1111.94096775
1108.81196784
1110.60896779
1109.24996783
1113.28796771
1110.07796781
1111.77896776
1109.48096783
1111.45196777
1107.39296789
1110.74396779
1113.95096770
1110.03896781
1110.97196778
1109.73896782
1111.69796776
1110.77096779
1111.22696777
1113.22196772
1110.22196780
1111.22696777
1110.61196779
1111.34996777
1112.09396775
1109.91596781
1112.03696775
1109.10296784
1110.25796780
1112.28596774
1114.59296768
1110.81896779
1108.53596785
1111.65896776
1110.63896779
1110.28196780
1111.14596778
1109.15096783
1109.14796783
1111.24496777
1112.30996774
1109.38196783
1112.76596773
1109.72996782
1111.10396778
1111.38296777
1112.39996774
1112.48396774
1110.99296778
1110.56396779
1109.20496783
1111.33796777
1112.14196775
1108.39796786
1113.50996771
1110.50996780
1110.22796780
1111.00196778

1108.61096785
1111.18496778
1112.56196774
1112.43596774
1110.26696780
1109.11496784
1114.36796768
1111.76996776
1112.12096775
1111.14596778
1112.75696773
1110.47696780
1110.06896781
1112.84696773
1110.73496779
1111.87796776
1110.34796780
1109.50496782
1111.29296777
1110.22796780
1111.50296777
1109.47196783
1109.80496782
1111.70096776
1110.76496779
1113.09596772
1113.32096771