2561.45692572
2526.54892673
2506.52092731
2502.05392744
2499.08392753
2497.78192756
2495.37292763
2501.61592745
2495.42092763
2502.79492742
2497.91392756
2500.36192749
2500.30792749
2498.27392755
2499.69292751
2501.11492747
2496.31492761
2503.08292741
2503.32592740
2500.16092750
2494.72792765
2498.35492755
2493.84592768
2499.40492752
2496.99892759
2499.32092752
2500.58692748
2505.62392734
2498.25292755
2501.34292746
2498.89792753
2497.64692757
2499.68692751
2501.38792746
2497.85392756
2496.22792761
2505.60892734
2493.82792768
2503.28092740
2495.87092762
2503.34092740
2501.37892746
2498.64892754
2502.67492742
2501.02492747
2495.25592764
2490.74692777
2497.25992758
2499.12892753
2500.58392748
2499.60292751
2499.10192753
2505.88492733
2499.08392753
2489.67892780
2500.25992749
2500.85692748
2491.16092776
2496.46792760
2499.07492753
2501.99992744
2498.01892756
2496.26992761
2500.62892748
2495.35792763
2495.80192762
2504.89792736
2497.09192758
2501.93392744
2498.02492756
2494.00792767
2493.13192770
2501.57992745
2498.90692753
2496.23392761
2492.29792772
2502.23392744
2499.47692752
2502.19792744
2501.92792744
2499.65392751
2495.35792763
2500.03492750
2503.84192739
2498.35792755
2499.74392751
2496.24592761
2502.37492743
2501.28892746
2499.33292752
2508.59392725
2498.73592754
2494.72792765
2499.36592752
2500.96792747
2499.23092752
2495.66092763
2497.32892758
2497.09492758
2502.09292744
2503.51792740
2502.98992741
2498.63092754
2499.65392751
2501.72692745
2499.36592752
2499.16192752
2504.12692738
2495.59192763
2501.47792746
2498.27692755
2502.15292744
2494.90492765
2499.17992752
2501.00992747
2507.93692727
2499.45292752
2495.42392763
2496.87592759
2500.62292748
2504.17492738
2498.75392754
2498.22892755
2501.33992746
2496.01792762
2497.83892756
2500.42192749
2499.00292753
2498.74792754
2497.62292757
2495.87692762
2503.39192740
2497.59292757
2502.43192743
2503.13692741
2500.60492748
2497.61392757
2499.59092751
2500.89292747
2500.56292748
2496.45892760
2496.47692760
2494.09792767
2503.74592739
2496.55792760
2500.43092749
2502.68092742
2502.81892742
2493.03592770
2500.81792748
2497.38892758
2499.59692751
2502.74092742
2496.04792761
2501.61892745
2502.35092743
2501.42692746
2498.93092753
2499.50692751
2503.38592740
2499.40492752
2498.55292754
2496.53692760
2501.80192745
2500.42192749
2498.43892755
2495.16592764
2504.11492738
2493.92692768
2496.56992760
2500.68892748
2496.23992761
2498.03992756
2492.92792771
2493.33892769
2501.62792745
2497.54792757
2495.50492763
2496.47092760
2496.95392759
2499.18892752
2504.47792737
2497.62892757
2499.57292751
2500.61092748
2496.93592759
2502.77692742
2499.27592752
2499.52192751
2500.31992749
2502.51292743
2504.62492737
2497.82392756
2503.41292740
2497.58692757
2504.87392736
2499.94192750
2499.99292750
2496.46792760
2498.43592755
2498.39692755
2498.44792755
2500.51492749
2492.85292771
2503.80892739
2499.95692750
2496.84892759
2495.82292762
2500.32292749
2501.12392747
2503.70692739
2496.76492759
2502.44392743
2501.40892746
2503.28092740
2502.02392744
2494.49392766
2500.27492749
2502.39592743
2493.45292769
2499.76492751
2500.29892749
2503.59592740
2502.78592742
2498.45392754
2498.85292753
2499.22792752
2498.69692754
2495.27092764
2498.38792755
2499.24592752
2497.89892756
2497.59592757
2500.27792749
2499.29092752
2497.48192757
2503.33792740
2498.82892753
2497.27492758

2496.61792760
2498.87992753
2497.13692758
2499.95092750
2494.18492767
2499.77092751
2497.56292757
2495.32492764
2495.22292764
2499.96592750
2499.13492753
2504.48692737
2495.64892763
2499.29992752
2499.59092751
2495.62192763
2499.05092753
2500.09492750
2500.44592749
2503.86592739
2500.76392748
2497.61092757
2497.68292757
2496.31792761
2495.40892763
2497.47292757
2501.23792746
2497.94092756
2500.85392748
2505.87892733
2499.31792752
2496.81292759
2500.69492748
2498.96992753
2494.96492765
2500.06492750
2497.18792758
2497.93792756
2503.84192739
2503.25692741
2498.46892754
2499.93592750
2500.61692748
2499.31492752
2503.84492739
2495.58292763
2501.93692744
2503.37692740
2501.12092747
2501.58592745
2500.25092749
2498.34592755
2498.36392755
2494.39792766
2500.12492750
2495.76892762
2496.29992761
2504.86192736
2496.17992761
2493.88192768
2498.09692756
2496.43492760
2496.89992759
2500.38892749
2497.38892758
2499.33292752
2499.90892750
2497.91992756
2502.46492743
2499.10192753
2501.31292746
2499.83392750
2495.19592764
2504.04292738
2505.94492733
2504.47792737
2497.34692758
2500.52092748
2498.13292755
2501.62792745
2497.38292758
2503.46392740
2499.10792753
2494.67992765
2499.44692752
2498.95192753
2498.96392753
2499.53692751
2502.11992744
2498.34292755
2501.13592747
2496.00592762
2499.59392751
2502.17392744
2502.89992742
2499.69292751
2498.84092753
2501.63692745
2500.88992747
2501.65492745
2503.03192741
2498.76892754
2499.74992751
2495.55592763
2501.33692746
2498.51392754
2494.43992766
2499.69292751
2502.00892744
2502.07192744
2497.29292758
2499.26092752
2493.03892770
2499.93892750
2496.89392759
2492.95192770
2496.73492759
2498.06992756
2497.20892758
2491.83292774
2503.71892739
2495.80792762
2497.60492757
2503.08892741
2497.25992758
2501.13292747
2498.61892754
2498.16292755
2502.37192743
2498.09092756
2496.04192761
2503.94092739
2502.50392743
2499.52492751
2497.74592757
2498.19592755
2502.00892744
2498.97592753
2501.91292744
2498.76592754
2493.07792770
2497.55692757
2502.13792744
2495.66092763
2499.65692751
2492.38192772
2495.38192763
2497.30492758
2499.95992750
2495.43292763
2499.85192750
2501.85292745
2498.74792754
2503.88992739
2498.63392754
2497.69792757
2496.65692760
2505.08992735
2494.83592765
2501.10892747
2500.34092749
2500.08292750
2499.30292752
2496.78892759
2499.59392751
2499.38092752
2504.92792736
2499.69892751
2500.24192749
2502.21592744
2498.99092753
2498.50192754
2497.94092756
2498.55892754
2498.74492754
2502.63892742
2502.87892742
2504.00392738
2497.40092758
2498.99092753
2499.11992753
2502.80992742
2498.43592755
2505.59992734
2503.88992739
2499.29692752
2501.28892746
2492.75692771
2499.90892750
2498.94292753
2502.04192744
2501.65792745

2494.66792765
2496.14992761
2502.47392743
2497.90192756
2501.90392744
2494.80892765
2503.29592740
2499.44692752
2502.05692744
2498.26792755
2492.05792773
2502.84292742
2497.12192758
2496.44092760
2495.66092763
2500.96192747
2497.28092758
2497.92592756
2498.74192754
2499.26392752
2497.72192757
2498.57992754
2496.09292761
2499.53392751
2500.94392747
2493.83392768
2497.22992758
2495.93392762
2497.11292758
2498.48692754
2496.13492761
2503.02292741
2501.15092747
2495.68192763
2495.94592762
2494.93192765
2500.78792748
2502.08692744
2499.29692752
2502.04192744
2495.18092764
2495.99692762
2495.10592764
2500.87192747
2497.45492757
2496.65692760
2499.37492752
2499.77992751
2500.02592750
2500.27492749
2497.86292756
2494.02292767
2503.33792740
2497.76992756
2500.85692748
2493.39592769
2502.19792744
2494.82092765
2502.98992741
2494.32892766
2499.54292751
2499.61192751
2493.12892770
2492.48992772

2503.69792739
2500.50892749
2494.26892767
2508.97792724
2495.05792764
2496.23392761
2494.55992766
2491.66192774
2498.16892755
2499.89992750
2500.06192750
2498.83192753
2496.84292759
2499.24892752
2494.47892766
2498.14792755
2498.10592755
2497.83292756
2506.12192732
2500.42492749
2500.70692748
2497.37092758
2502.56092743
2502.88792742
2501.04592747
2499.54892751
2502.60592742
2492.46592772
2494.94992765
2498.65792754
2493.85492768
2497.42492757
2500.76692748
2500.39492749
2499.48592751
2491.54192775
2496.55492760
2503.01392741
2494.66492765
2504.42992737
2501.08792747
2490.78292777
2499.81592751
2497.02292759
2498.42692755
2498.65192754
2497.13992758
2498.63692754
2498.83492753
2496.50392760
2499.53992751
2496.30592761
2496.23092761
2496.97792759
2497.87192756
2499.10192753
2496.38692760
2499.33592752
2495.81692762
2496.57592760
2498.90092753
2498.21092755
2498.81692753
2496.05392761

2498.75692754
2493.40792769
2500.92292747
2496.94192759
2494.21492767
2493.14992770
2499.39292752
2495.66692763
2495.87392762
2499.98692750
2503.67992739
2493.37492769
2504.36392737
2500.58692748
2504.13292738
2501.19892747
2495.40592763
2500.10692750
2492.29492772
2499.82792750
2496.39292760
2498.34892755
2498.79292754
2495.38192763
2502.26092743
2490.47392778
2499.76492751
2497.24192758
2496.90292759
2494.24792767
2503.56892740
2494.98592765
2495.24092764
2498.09692756
2495.76592762
2497.82692756
2500.12792750
2498.43292755
2501.81392745
2497.15192758
2499.27592752
2502.52492743
2494.84792765
2496.74992759
2494.20292767
2495.53792763
2498.62492754
2499.48292751
2500.47292749
2492.50792772
2500.99492747
2500.69192748
2500.39492749
2490.35392778
2498.51692754
2498.41792755
2500.33192749
2502.35092743
2500.91692747
2499.87892750
2498.57092754
2492.96092770
2498.65792754
2497.38292758

2491.57492774
2495.69392762
2497.16692758
2491.85992774
2496.49192760
2498.76892754
2499.30292752
2497.04992759
2500.21192749
2503.33192740
2495.01592764
2494.59292766
2495.03392764
2499.74092751
2501.22592746
2496.07792761
2499.61792751
2498.05492756
2497.57492757
2501.21692746
2493.80692768
2506.16692732
2495.92792762
2497.96192756
2497.45792757
2498.47492754
2494.25992767
2499.23092752
2502.67492742
2500.75192748
2498.39092755
2498.50792754
2493.13792770
2504.69392736
2498.59792754
2500.86892747
2497.35892758
2498.72992754
2491.68292774
2495.94592762
2495.69992762
2507.10592729
2496.43492760
2499.21292752
2493.69292768
2498.43592755
2500.80292748
2495.27392764
2496.35692761
2502.50992743
2493.75292768
2496.87292759
2503.34392740
2499.32692752
2495.52892763
2499.86392750
2494.41892766
2495.43592763
2497.14292758
2503.56292740
2493.99892767
2494.73992765
2494.64092766
2500.25992749

2494.32292766
2495.32792764
2504.61592737
2493.84292768
2496.74692759
2500.41592749
2494.86292765
2496.82792759
2498.85292753
2499.35092752
2497.96792756
2501.74792745
2494.70692765
2492.50792772
2500.06792750
2500.66492748
2499.34192752
2498.48392754
2495.08792764
2501.83792745
2497.74292757
2497.88092756
2496.90892759
2499.53992751
2494.45492766
2501.37592746
2501.62792745
2502.07492744
2494.80292765
2499.36292752
2497.27792758
2493.98092767
2499.84892750
2496.55492760
2504.15692738
2496.75892759
2501.84092745
2494.70092765
2497.74892757
2496.75592759
2499.30592752
2495.52292763
2495.44192763
2498.35792755
2500.42792749
2494.69192765
2496.25192761
2499.74092751
2494.71292765
2498.71792754
2502.85492742
2498.01592756
2497.17592758
2496.80392759
2497.08592758
2495.36992763
2496.19792761
2495.79892762
2500.19392749
2501.77192745
2496.07792761
2502.35692743
2499.17392752
2498.39092755

2498.28892755
2498.74792754
2498.71492754
2501.32192746
2498.41492755
2496.50092760
2500.04692750
2497.36792758
2497.73992757
2494.92892765
2498.57392754
2493.16492770
2494.30792767
2501.62192745
2499.35092752
2502.45892743
2505.73192733
2498.22592755
2500.75792748
2498.82592753
2502.17992744
2499.54592751
2493.76792768
2500.15792750
2501.12692747
2497.40092758
2496.17692761
2499.64492751
2503.10692741
2501.18692747
2494.97092765
2497.12492758
2496.16492761
2496.92092759
2491.91392773
2499.33892752
2497.87792756
2500.21792749
2492.62792771
2498.44192755
2500.34992749
2494.81192765
2498.58592754
2498.24092755
2502.32392743
2499.49492751
2501.37892746
2495.90392762
2504.89792736
2500.48192749
2494.89592765
2503.39792740
2496.89992759
2492.56492772
2497.47592757
2495.49592763
2499.80392751
2491.66792774
2496.50692760
2497.59892757
2497.19092758
2493.67192768
2496.55792760
2494.61092766

2493.78292768
2497.97692756
2502.38692743
2494.46092766
2494.23892767
2496.52492760
2498.58892754
2496.94792759
2495.74492762
2497.65892757
2493.82192768
2504.38492737
2497.54492757
2496.97492759
2501.38492746
2499.41992752
2496.77992759
2495.43292763
2498.22592755
2496.91792759
2502.63592742
2496.84292759
2497.33792758
2495.93092762
2491.50892775
2497.04992759
2497.74292757
2497.64392757
2497.88692756
2498.70292754
2498.61892754
2499.13792753
2500.74292748
2499.10492753
2498.37892755
2495.39392763
2501.75992745
2496.24892761
2500.95592747
2499.42892752
2496.34192761
2499.33892752
2499.25192752
2498.22592755
2500.30192749
2499.43192752
2494.87492765
2499.08392753
2497.71892757
2493.85492768
2500.65892748
2496.52492760
2500.46692749
2495.26192764
2499.04192753
2499.49492751
2502.61492742
2497.39192758
2496.47692760
2502.27592743
2497.52392757
2499.08692753
2498.87392753
2498.30692755

2501.89192745
2502.76192742
2497.57192757
2500.90192747
2497.85392756
2502.83692742
2501.88892745
2492.08492773
2496.74692759
2497.24192758
2498.77192754
2505.36292734
2504.25292738
2497.52992757
2498.29792755
2507.69692728
2494.47592766
2501.72392745
2499.71092751
2504.02492738
2503.29592740
2491.69492774
2495.39692763
2496.92392759
2502.50692743
2498.77192754
2496.83692759
2496.44092760
2503.67992739
2494.48792766
2499.42292752
2500.72192748
2499.86392750
2499.27592752
2501.36392746
2501.51392746
2496.03892761
2490.90292776
2496.67492760
2495.41792763
2498.46292754
2502.21592744
2500.13392750
2501.07892747
2503.36192740
2493.45892769
2498.23192755
2501.64292745
2494.87192765
2502.80092742
2494.04392767
2496.50092760
2499.34192752
2500.34092749
2500.16692750
2499.27292752
2495.70292762
2497.41292758
2499.10192753
2498.98792753
2496.49492760
2496.80692759
2496.38392760
2498.37592755

2496.28792761
2499.02692753
2495.12992764
2505.35092734
2497.22392758
2505.48892734
2495.09992764
2502.62392742
2499.11992753
2503.19692741
2496.15592761
2501.43592746
2497.50892757
2498.39392755
2501.01292747
2500.08292750
2496.16492761
2497.22392758
2504.25292738
2496.39292760
2500.13992750
2502.96592741
2498.41192755
2500.85092748
2496.92692759
2501.77492745
2495.97892762
2499.75292751
2500.70692748
2497.03192759
2504.39692737
2501.01292747
2498.63092754
2493.20092770
2497.41592757
2503.64092739
2504.37592737
2499.82792750
2497.38292758
2495.33392764
2495.35192763
2499.19192752
2499.31492752
2495.59492763
2496.35392761
2501.02192747
2503.69792739
2494.43692766
2497.14292758
2494.52992766
2502.36292743
2498.95192753
2500.05292750
2497.76992756
2498.83492753
2495.47792763
2495.82892762
2502.21592744
2501.22892746
2505.65092734
2501.38792746
2496.83092759
2503.71592739
2495.83192762

2497.90492756
2497.07692758
2493.38692769
2497.24192758
2502.21892744
2497.96492756
2498.12692755
2498.04592756
2504.50492737
2498.89192753
2504.39992737
2495.82292762
2497.70092757
2496.00292762
2496.17392761
2495.90992762
2501.36392746
2495.59192763
2497.49992757
2497.89592756
2495.15992764
2498.96092753
2499.64192751
2496.61192760
2497.06792759
2498.19292755
2500.10692750
2497.43692757
2498.31592755
2497.52392757
2499.67792751
2492.44192772
2499.63592751
2501.30992746
2493.63892768
2499.04492753
2495.46592763
2499.19192752
2498.12692755
2497.36192758
2496.77092759
2494.48792766
2503.76392739
2498.61592754
2498.82892753
2501.02792747
2499.59992751
2499.63592751
2494.94992765
2493.13792770
2495.65492763
2496.47992760
2503.00492741
2497.79692756
2499.54892751
2502.93292741
2504.31292737
2503.36492740
2498.16592755
2500.07092750
2496.14692761
2497.53292757
2501.56792745
2498.44792755

2498.03092756
2493.70792768
2493.44992769
2501.31892746
2501.83192745
2500.65592748
2500.13992750
2500.17892749
2501.91892744
2496.42892760
2494.56592766
2495.72692762
2504.44492737
2502.11692744
2501.45692746
2500.28692749
2493.59092769
2494.22392767
2496.19492761
2503.28092740
2503.95892739
2498.74792754
2496.15592761
2498.22292755
2497.80592756
2496.45892760
2496.03592761
2501.92192744
2501.17492747
2495.88892762
2493.97792767
2496.70192760
2502.83392742
2497.89592756
2501.95792744
2499.81892751
2499.63292751
2496.75892759
2496.35092761
2495.99692762
2499.11092753
2500.88092747
2495.00992764
2500.04392750
2501.54992746
2495.23192764
2496.51592760
2499.78592751
2499.35092752
2500.84492748
2500.27492749
2500.21792749
2502.95392741
2503.97992738
2494.60792766
2497.99792756
2504.95192736
2499.77692751
2505.20692735
2505.18892735
2494.33492766
2492.88292771
2493.55192769
2497.65892757

2500.36792749
2495.14492764
2502.78292742
2492.62492771
2493.53092769
2499.82492751
2496.84292759
2500.26592749
2500.27492749
2494.15192767
2494.51792766
2502.30592743
2498.55592754
2499.36892752
2502.20992744
2502.55492743
2496.19192761
2503.66192739
2496.66892760
2499.70492751
2496.39292760
2501.59192745
2500.87492747
2498.54392754
2503.17892741
2504.12092738
2494.18492767
2497.59892757
2500.16692750
2509.13392724
2498.34592755
2496.78892759
2499.14992752
2494.48192766
2498.08192756
2496.16792761
2502.00292744
2493.43492769
2501.08492747
2500.21492749
2498.05792756
2496.68692760
2498.03092756
2499.41092752
2497.81192756
2496.15292761
2496.79792759
2496.35392761
2499.65392751
2496.34192761
2501.26792746
2495.91292762
2494.37692766
2498.40292755
2495.95492762
2499.76192751
2494.76692765
2497.68292757
2495.36692763
2500.29292749
2497.55692757
2500.89592747
2500.61692748
2495.88892762

2500.76992748
2498.79892753
2498.92492753
2491.21792775
2496.80692759
2500.63492748
2500.84792748
2496.57592760
2498.07592756
2499.65092751
2496.77692759
2501.01592747
2498.26792755
2496.53692760
2502.76192742
2500.23292749
2497.93792756
2493.17092770
2505.49492734
2493.10792770
2496.49492760
2496.05692761
2501.79892745
2502.96592741
2498.70292754
2497.45792757
2495.46892763
2495.60692763
2493.38692769
2498.90092753
2498.98492753
2493.27292770
2496.74692759
2490.66892777
2494.98292765
2496.56092760
2497.74292757
2503.03492741
2494.73992765
2499.49792751
2501.94592744
2496.79492759
2492.69992771
2501.63092745
2499.98692750
2498.80192753
2501.68792745
2496.78892759
2497.27492758
2495.01292764
2498.86792753
2500.02592750
2497.40392758
2501.84992745
2497.14892758
2499.44692752
2493.82192768
2502.58492743
2496.97792759
2500.71292748
2496.24892761
2497.02892759
2500.44592749
2501.06992747

2496.05392761
2500.25692749
2500.96492747
2499.29692752
2502.46492743
2499.15292752
2496.48892760
2489.95192779
2499.11692753
2502.71392742
2495.43892763
2496.47992760
2496.65992760
2498.99992753
2496.23392761
2500.48792749
2495.37892763
2493.37192769
2497.55392757
2497.16992758
2494.48192766
2497.54192757
2505.57592734
2500.54792748
2495.94592762
2496.23692761
2499.74092751
2497.35592758
2497.25692758
2503.40392740
2497.64092757
2500.32292749
2497.14892758
2496.33892761
2499.97792750
2497.99192756
2496.43792760
2501.94892744
2503.69792739
2497.45492757
2495.77192762
2496.53392760
2501.88892745
2503.09792741
2504.78392736
2500.60792748
2497.16992758
2497.74292757
2495.91292762
2501.56192745
2499.71392751
2497.77592756
2500.30192749
2502.27592743
2497.24192758
2501.84392745
2496.21892761
2501.48692746
2493.97492767
2499.71092751
2500.31692749
2498.12992755
2499.50692751
2500.63792748

2502.86992742
2499.83992750
2501.56792745
2496.55492760
2494.95892765
2493.14992770
2493.49192769
2501.81392745
2496.97492759
2498.72692754
2500.69192748
2500.87792747
2497.87792756
2505.64192734
2497.77292756
2498.11792755
2498.52292754
2500.02292750
2496.84292759
2497.52992757
2502.14992744
2505.21592735
2497.28692758
2498.06992756
2494.27192767
2497.88392756
2496.31192761
2501.87392745
2500.58692748
2497.53592757
2501.54092746
2499.31192752
2500.76092748
2498.39392755
2499.02992753
2497.02892759
2503.56592740
2497.58992757
2495.75992762
2502.20992744
2494.39492766
2496.21292761
2504.37592737
2506.33792732
2498.81392753
2493.85492768
2500.02292750
2499.92092750
2498.24692755
2495.17192764
2498.75692754
2503.22092741
2499.44692752
2498.79292754
2505.51292734
2496.23692761
2493.85492768
2498.07592756
2496.71092760
2503.47592740
2500.86892747
2491.05592776
2504.32192737
2496.54292760

2491.70092774
2501.24392746
2498.63092754
2495.88292762
2503.54192740
2492.83492771
2500.17592749
2494.16092767
2503.23592741
2497.88992756
2495.73592762
2495.60392763
2498.47792754
2499.85792750
2495.33692764
2503.79392739
2498.20792755
2502.48892743
2496.09592761
2501.86192745
2501.32792746
2499.94192750
2500.24192749
2497.85092756
2496.65092760
2501.10592747
2497.28992758
2495.52592763
2496.54292760
2495.65192763
2492.88292771
2496.62392760
2498.64592754
2495.61292763
2500.85992748
2495.96992762
2500.72792748
2495.84392762
2492.05192773
2497.79992756
2494.78192765
2497.34092758
2497.21492758
2500.15492750
2498.56792754
2499.56392751
2500.04392750
2499.72592751
2495.30992764
2504.05492738
2496.44992760
2502.06592744
2493.97192767
2504.52292737
2497.30492758
2501.55292745
2505.00592735
2494.92592765
2498.80492753
2499.33892752
2494.50292766
2498.20792755
2501.53792746
2502.13192744

2499.30592752
2497.91392756
2496.18292761
2498.75992754
2498.53192754
2498.22892755
2498.65792754
2495.20192764
2502.50092743
2489.16592781
2498.11792755
2496.42892760
2495.73592762
2502.46792743
2498.17492755
2499.41992752
2498.90992753
2495.21692764
2498.72092754
2492.93392770
2496.66892760
2493.45292769
2496.35692761
2501.58592745
2502.23092744
2499.39892752
2502.59692742
2502.53392743
2500.16992750
2496.17692761
2497.97692756
2493.86992768
2496.47392760
2502.53992743
2499.19492752
2499.38092752
2495.01292764
2493.10192770
2497.81192756
2499.50992751
2496.56992760
2505.91792733
2497.07392758
2495.53192763
2496.88492759
2496.78292759
2496.10492761
2499.65692751
2497.84792756
2497.63492757
2497.10992758
2496.50092760
2498.37892755
2498.29192755
2504.34292737
2497.56292757
2499.27592752
2498.03092756
2496.05092761
2497.07692758
2500.19692749
2502.80392742
2496.31792761
2502.78592742

2497.38592758
2498.40892755
2495.49892763
2500.63492748
2503.31092740
2501.98792744
2495.18092764
2500.05892750
2499.50692751
2494.14592767
2497.86592756
2496.39892760
2498.20192755
2499.17392752
2501.15992747
2497.00792759
2497.29592758
2501.68192745
2500.58692748
2494.89592765
2499.79192751
2502.28492743
2499.35092752
2504.56492737
2497.37692758
2498.46592754
2495.83492762
2493.99592767
2501.46592746
2499.38392752
2499.68992751
2497.52392757
2497.24492758
2498.46292754
2496.08392761
2499.35692752
2497.10992758
2504.27392738
2501.09992747
2501.29492746
2497.20892758
2501.81992745
2500.67692748
2493.02092770
2497.30792758
2503.47592740
2498.57392754
2499.16192752
2493.76192768
2499.59392751
2500.18492749
2501.96992744
2496.38692760
2497.46092757
2501.72092745
2498.20492755
2500.09792750
2497.34692758
2494.85692765
2500.04392750
2498.88592753
2501.27992746
2502.20692744
2499.94492750

2501.34592746
2499.96892750
2497.60792757
2500.59892748
2495.58892763
2497.48492757
2502.37192743
2494.38892766
2497.28992758
2495.66092763
2496.84892759
2492.28292772
2492.15692773
2496.26092761
2497.23592758
2501.04592747
2500.80892748
2500.89292747
2503.72492739
2495.52892763
2500.42492749
2497.97992756
2498.72692754
2501.80792745
2497.76992756
2496.21292761
2495.53492763
2501.66692745
2495.84392762
2494.36492766
2497.36792758
2498.10592755
2500.59292748
2497.86292756
2495.63092763
2499.89392750
2497.69192757
2495.87092762
2497.31692758
2498.67592754
2500.19692749
2497.36792758
2494.88092765
2498.38492755
2497.28092758
2497.76392756
2494.94992765
2495.93092762
2500.61692748
2502.57292743
2498.34892755
2496.55792760
2498.41192755
2504.48392737
2498.23492755
2495.50192763
2498.87392753
2497.50592757
2499.62092751
2502.94492741
2499.66592751
2497.69792757
2498.66392754
2505.04192735

2498.45992754
2494.00792767
2501.74492745
2499.44992752
2491.28992775
2499.59392751
2494.96792765
2496.66592760
2495.31892764
2499.20092752
2499.38392752
2500.27192749
2497.03792759
2502.56692743
2494.22992767
2495.90392762
2497.32892758
2490.55492777
2500.79092748
2497.85992756
2497.27492758
2494.33792766
2497.62592757
2493.68392768
2502.14092744
2496.24892761
2498.81392753
2496.22492761
2497.95892756
2495.58292763
2500.43092749
2499.20992752
2491.28392775
2502.84592742
2500.15192750
2497.29292758
2493.14092770
2497.07392758
2503.12192741
2496.81292759
2494.31692766
2498.62792754
2500.28692749
2495.37892763
2500.52392748
2497.23292758
2493.38392769
2495.68192763
2493.24292770
2498.12992755
2496.02092762
2498.95792753
2495.94892762
2504.75692736
2496.42592760
2499.52792751
2498.50792754
2499.76492751
2496.80692759
2498.76892754
2500.71892748
2497.14592758
2496.24292761
2507.77192727

2499.10492753
2497.20292758
2496.30892761
2498.62192754
2496.90892759
2499.58792751
2497.25392758
2498.50792754
2503.53592740
2499.13492753
2495.91592762
2505.03292735
2498.16592755
2501.00692747
2499.42292752
2495.12392764
2498.66992754
2497.16092758
2498.63992754
2499.59692751
2496.31492761
2499.07492753
2499.31192752
2499.11992753
2502.89992742
2496.70192760
2496.45292760
2498.72992754
2500.22092749
2496.07192761
2497.98892756
2498.87692753
2498.58292754
2501.88892745
2497.62592757
2497.63192757
2502.08392744
2497.94392756
2500.14592750
2494.79692765
2496.66592760
2498.95792753
2495.43592763
2496.77992759
2489.90092779
2495.62492763
2503.61692740
2497.22992758
2498.86792753
2495.77792762
2505.05992735
2499.59392751
2500.45492749
2498.12992755
2500.94092747
2500.82392748
2494.57792766
2503.27492741
2492.98492770
2500.82992748
2494.37992766
2499.41692752
2497.57192757
2492.94892770

2495.33692764
2506.43992731
2498.90692753
2498.71192754
2498.82892753
2497.85092756
2502.22492744
2497.97992756
2502.39592743
2500.07092750
2497.97392756
2490.75592777
2502.73492742
2501.18692747
2500.30792749
2497.78492756
2509.75192722
2499.38692752
2499.81292751
2501.18392747
2497.55692757
2502.05992744
2498.15992755
2499.00592753
2498.18392755
2501.60692745
2502.36892743
2499.34792752
2494.53592766
2496.41692760
2495.12992764
2500.10992750
2501.36392746
2492.71192771
2500.02292750
2500.03192750
2499.83692750
2490.97492776
2494.10992767
2494.34392766
2497.14592758
2497.61992757
2500.49692749
2496.16792761
2502.92392742
2494.45192766
2497.72492757
2499.15292752
2495.15992764
2503.77592739
2496.42892760
2498.82892753
2495.07892764
2499.38992752
2498.33692755
2502.06892744
2497.34392758
2498.24692755
2505.27892735
2497.15192758
2494.31992766
2497.29892758
2502.46492743
2496.23992761

2492.86792771
2500.81492748
2495.52892763
2497.64692757
2493.94192768
2497.49392757
2494.98892765
2503.65892739
2494.13692767
2496.50092760
2502.65392742
2498.31892755
2493.87592768
2499.24892752
2498.88592753
2497.33192758
2496.39292760
2495.38492763
2501.61592745
2497.06792759
2501.37592746
2501.74792745
2499.21892752
2495.60692763
2498.32192755
2500.37992749
2495.74792762
2497.04692759
2491.02592776
2494.54192766
2501.44492746
2499.59392751
2499.49192751
2497.31392758
2501.65792745
2500.38292749
2495.72992762
2493.27592769
2501.63992745
2500.50292749
2501.39092746
2496.85792759
2500.50892749
2504.85892736
2498.93692753
2499.50692751
2494.94392765
2500.96492747
2492.85292771
2498.70892754
2497.91092756
2497.45492757
2493.40192769
2499.23692752
2501.06392747
2493.93892768
2502.34792743
2495.02192764
2499.68992751
2498.77792754
2499.92692750
2501.55892745
2501.57992745
2498.98192753

2505.01792735
2495.03692764
2494.75192765
2502.54292743
2498.95792753
2498.26792755
2499.65092751
2502.29992743
2498.27392755
2498.77192754
2499.96292750
2494.31092766
2495.88592762
2495.20192764
2493.04192770
2496.90292759
2499.77992751
2495.30692764
2503.64092739
2498.20792755
2497.37992758
2493.15292770
2501.87092745
2498.92792753
2500.54492748
2496.88792759
2498.83492753
2500.46992749
2496.07792761
2498.33992755
2500.94092747
2498.32492755
2496.20992761
2496.43792760
2500.26592749
2494.02592767
2493.09292770
2498.40892755
2503.04392741
2495.14492764
2501.70292745
2496.91192759
2499.56992751
2499.46192752
2501.83792745
2498.06392756
2494.02292767
2498.48092754
2495.95192762
2496.03292762
2497.35292758
2494.21192767
2494.68292765
2496.88492759
2500.36492749
2497.94092756
2500.96492747
2500.28692749
2503.10392741
2504.99392736
2493.81892768
2496.20692761
2494.72792765
2495.21692764

2500.25092749
2504.07892738
2496.90892759
2499.55192751
2497.73992757
2502.22792744
2494.70392765
2500.46392749
2502.89392742
2503.34692740
2495.24692764
2499.20392752
2500.32592749
2501.95792744
2500.36792749
2496.32392761
2504.65492737
2498.51992754
2504.41792737
2497.23892758
2500.76092748
2499.76192751
2501.29792746
2493.63592768
2502.33592743
2500.88992747
2500.75492748
2496.87592759
2495.60392763
2494.78192765
2496.22492761
2497.21192758
2499.89992750
2498.89792753
2496.34192761
2501.55592745
2495.75392762
2501.34292746
2499.53392751
2499.69592751
2500.57492748
2495.36392763
2497.07692758
2493.43792769
2499.69592751
2499.65692751
2498.54692754
2497.85692756
2494.87792765
2501.64892745
2496.12292761
2504.31592737
2501.25592746
2497.46692757
2501.97592744
2497.06492759
2502.52792743
2503.65892739
2499.76192751
2496.47092760
2502.10192744
2497.26592758
2497.30492758
2495.54092763

2498.25592755
2500.20592749
2499.66592751
2499.18892752
2495.99092762
2499.12892753
2495.95492762
2497.69192757
2496.69592760
2494.55992766
2499.21592752
2494.90792765
2495.73292762
2502.06592744
2498.48692754
2496.82492759
2504.99992736
2502.50692743
2498.13892755
2501.06392747
2499.96892750
2495.30392764
2498.06992756
2504.99092736
2499.53092751
2501.32492746
2496.49792760
2493.67192768
2496.43192760
2496.40792760
2500.32292749
2497.94692756
2498.45392754
2500.81792748
2497.39192758
2502.45892743
2499.55192751
2495.06992764
2499.48292751
2494.16392767
2498.43292755
2493.15592770
2504.12992738
2497.58692757
2495.81692762
2495.06092764
2500.57792748
2500.72192748
2502.52492743
2495.99992762
2497.93492756
2497.21492758
2498.99992753
2500.32592749
2499.92692750
2505.15892735
2502.74092742
2498.59792754
2493.00592770
2496.78592759
2498.62492754
2493.99592767
2499.06892753
2494.85392765

2495.86192762
2493.48592769
2496.66892760
2504.39392737
2493.88492768
2498.94892753
2504.37892737
2499.05692753
2501.62792745
2496.98992759
2502.45592743
2496.35692761
2495.96392762
2499.23092752
2494.19692767
2499.52792751
2494.38892766
2497.94992756
2497.45492757
2498.19592755
2499.38992752
2497.86892756
2494.65292766
2493.33892769
2495.38792763
2494.88092765
2493.15292770
2501.00992747
2499.91792750
2495.77792762
2492.08792773
2496.69892760
2500.63492748
2489.55292780
2497.93792756
2504.09092738
2497.77892756
2499.96292750
2492.97592770
2499.56092751
2501.29192746
2503.37692740
2493.75892768
2496.43792760
2500.62292748
2498.48692754
2497.90792756
2500.11292750
2497.12492758
2500.25992749
2499.60592751
2495.18692764
2498.03992756
2495.62192763
2502.71692742
2498.85592753
2505.86092733
2492.81092771
2500.16392750
2496.39292760
2493.10492770
2499.98692750
2504.20192738
2495.25592764

2499.04192753
2497.56892757
2499.73492751
2499.30892752
2495.74792762
2498.68492754
2502.94192741
2500.95292747
2496.28192761
2494.59592766
2497.51492757
2492.38492772
2496.11092761
2495.20192764
2493.74992768
2497.54192757
2500.12492750
2496.82492759
2500.68592748
2497.61992757
2502.14392744
2502.14992744
2498.06992756
2502.61492742
2496.16792761
2499.10192753
2493.51292769
2500.77292748
2494.62292766
2497.89892756
2497.22092758
2503.64092739
2502.30592743
2500.29292749
2498.54692754
2499.40492752
2508.19792726
2497.17892758
2498.13592755
2497.98592756
2491.52092775
2504.69392736
2496.41092760
2500.07092750
2498.15692755
2501.93692744
2504.77192736
2503.19392741
2496.73492759
2497.89592756
2494.33192766
2502.98992741
2498.68492754
2494.78492765
2500.41892749
2499.56692751
2494.25992767
2496.25792761
2494.83592765
2495.98792762
2501.82292745
2498.40892755
2498.00092756
2497.77592756

2502.79792742
2499.96592750
2499.80992751
2503.21192741
2501.65792745
2498.81692753
2495.84392762
2495.94892762
2495.45992763
2497.20892758
2496.42592760
2502.58492743
2499.27592752
2495.49892763
2499.56992751
2505.24292735
2498.42392755
2497.94692756
2503.43092740
2496.28492761
2497.33792758
2497.74292757
2502.27892743
2496.84892759
2498.89492753
2499.19192752
2500.15192750
2493.43492769
2499.68392751
2496.40492760
2496.31492761
2496.63592760
2498.86192753
2495.36092763
2503.10992741
2495.99692762
2499.91492750
2499.47992752
2502.14992744
2495.94292762
2499.01792753
2497.54492757
2499.43492752
2494.63792766
2496.68692760
2495.33392764
2495.98792762
2497.80292756
2496.58492760
2504.39392737
2498.59192754
2498.86492753
2501.76292745
2498.02792756
2501.44492746
2496.77692759
2502.71092742
2494.44592766
2495.84692762
2500.17592749
2501.68492745
2497.43992757
2501.48092746
2498.80792753

2494.76692765
2503.71892739
2496.48292760
2493.13492770
2497.35292758
2495.35192763
2497.18492758
2496.96592759
2494.99192765
2497.25392758
2503.97992738
2496.64192760
2499.37192752
2493.40192769
2499.50092751
2496.42892760
2497.91092756
2495.49292763
2501.68192745
2495.84992762
2495.46592763
2497.84792756
2497.87492756
2500.15492750
2500.47592749
2494.42492766
2498.58292754
2499.65992751
2498.93092753
2497.40992758
2503.70992739
2497.66792757
2494.34092766
2498.53792754
2495.54092763
2504.73892736
2497.82692756
2499.95392750
2499.62092751
2501.47192746
2499.40492752
2497.52392757
2494.05592767
2497.91392756
2494.28992767
2496.15292761
2498.76592754
2497.67392757
2502.46492743
2501.24692746
2494.07392767
2498.74192754
2502.60892742
2497.68592757
2493.18592770
2500.94392747
2495.62792763
2497.04092759
2495.36392763
2499.67192751
2499.92992750
2500.02592750
2501.72392745
2497.80592756

2495.32492764
2492.28592772
2498.84392753
2502.70792742
2495.17792764
2501.04292747
2492.72992771
2495.45092763
2499.68992751
2495.24992764
2497.41292758
2498.42692755
2497.91992756
2495.32492764
2501.20792746
2504.15092738
2498.91892753
2503.11592741
2498.28892755
2493.67492768
2491.25692775
2500.31992749
2499.63592751
2500.06192750
2498.81992753
2499.95692750
2494.48192766
2497.25092758
2495.25892764
2498.50192754
2506.39492731
2502.42292743
2503.67092739
2496.96592759
2499.34792752
2500.90192747
2503.92592739
2494.35292766
2498.34892755
2500.55092748
2494.06192767
2498.48392754
2504.47492737
2492.63992771
2499.05392753
2500.98592747
2497.65592757
2499.77692751
2498.70292754
2496.27592761
2504.31592737
2498.97592753
2502.23092744
2498.65792754
2501.23192746
2498.21992755
2498.25292755
2503.52092740
2492.95492770
2494.16692767
2497.54492757
2500.80892748
2494.36192766
2498.80792753

2493.46492769
2500.77592748
2499.09292753
2501.46292746
2493.37492769
2501.05492747
2498.46892754
2497.04392759
2499.37192752
2501.02192747
2498.35192755
2503.64092739
2496.36292761
2499.35692752
2503.32592740
2497.69192757
2499.11392753
2494.90492765
2494.62592766
2496.82192759
2494.52092766
2496.38392760
2502.49792743
2500.16092750
2502.97792741
2497.35292758
2497.73092757
2498.04292756
2494.17592767
2500.11292750
2495.17492764
2497.30492758
2497.55692757
2499.93892750
2493.73192768
2497.04992759
2497.35292758
2501.47492746
2501.14792747
2498.77792754
2493.13792770
2509.85992721
2492.45992772
2494.21492767
2495.07592764
2502.79492742
2499.90892750
2497.93792756
2498.46892754
2497.07992758
2496.74092759
2495.39992763
2499.84892750
2496.86692759
2497.17592758
2502.00592744
2498.88892753
2500.44892749
2495.19892764
2496.48892760
2498.04592756
2495.43292763
2500.26592749
2498.69392754

2502.76792742
2497.91392756
2495.15992764
2498.62492754
2497.89592756
2500.28992749
2494.93792765
2494.38292766
2494.85992765
2497.28692758
2501.49292746
2504.89192736
2500.01692750
2499.05392753
2502.09292744
2495.28892764
2501.08192747
2497.98292756
2503.13992741
2496.65392760
2496.55492760
2499.54892751
2494.67392765
2499.27292752
2499.20092752
2498.22592755
2499.92692750
2498.74792754
2496.97492759
2496.63892760
2493.39292769
2497.52092757
2496.14992761
2498.06692756
2502.71992742
2502.50992743
2493.67492768
2494.91992765
2497.67692757
2489.87392779
2493.02692770
2496.96892759
2500.79692748
2496.43792760
2496.87592759
2496.29692761
2500.37392749
2496.49492760
2495.18692764
2496.83992759
2501.84692745
2493.02992770
2497.91092756
2500.41292749
2499.89692750
2500.08592750
2498.13892755
2497.91992756
2500.60192748
2499.41992752
2498.54692754
2502.56092743
2494.72492765
2498.00692756

2498.25292755
2498.37292755
2497.62592757
2496.83692759
2499.21292752
2498.62792754
2496.24592761
2503.46092740
2507.67892728
2500.71292748
2498.69692754
2499.51892751
2503.79392739
2496.82192759
2493.95992768
2496.75292759
2495.77792762
2495.77192762
2495.36392763
2501.77192745
2495.92792762
2498.24392755
2497.30792758
2497.51792757
2493.31492769
2495.15392764
2497.24192758
2501.45092746
2502.86092742
2497.13392758
2500.40392749
2501.21992746
2497.92292756
2500.82692748
2505.27892735
2496.81292759
2495.33392764
2496.15292761
2498.97592753
2501.47492746
2495.24992764
2496.13192761
2496.92692759
2498.53492754
2502.65692742
2495.50792763
2498.59492754
2498.60692754
2499.74392751
2494.93192765
2497.43392757
2502.56692743
2495.20492764
2494.70692765
2495.09392764
2499.82492751
2498.62192754
2500.29592749
2500.99792747
2496.93592759
2497.88092756
2497.11892758
2497.76692756
2503.82392739

2494.98892765
2496.01192762
2499.10192753
2500.98292747
2502.17692744
2501.21392746
2502.98092741
2499.12892753
2495.66692763
2499.37192752
2497.57192757
2498.35792755
2496.97192759
2500.51492749
2496.02692762
2492.94892770
2501.79592745
2497.62892757
2501.66692745
2499.27592752
2498.06392756
2497.52092757
2495.80192762
2498.71492754
2495.22592764
2493.78892768
2501.97592744
2492.18992773
2496.36292761
2499.81292751
2496.42592760
2497.14892758
2498.40892755
2502.37792743
2495.14792764
2497.84792756
2501.57092745
2494.34392766
2497.14892758
2492.34892772
2497.21192758
2501.81692745
2504.21092738
2495.79292762
2499.46492752
2499.75892751
2499.44992752
2500.31392749
2495.95792762
2494.67692765
2497.70092757
2498.62492754
2495.53192763
2496.05392761
2493.27892769
2498.03692756
2496.56392760
2501.22292746
2496.75592759
2503.40092740
2496.86692759
2507.54092728
2495.52892763
2492.12392773

2501.54692746
2494.91692765
2499.53992751
2498.56192754
2498.61892754
2499.13192753
2499.08392753
2500.63792748
2497.97992756
2499.50992751
2496.98692759
2500.31692749
2498.26792755
2500.78492748
2493.32692769
2496.29392761
2501.90692744
2501.87992745
2497.79692756
2506.00792733
2495.78692762
2500.12492750
2495.20792764
2498.99992753
2496.02692762
2494.17292767
2499.65392751
2501.64892745
2500.58992748
2500.67392748
2496.62692760
2496.83092759
2502.46492743
2499.75592751
2501.67892745
2499.39292752
2500.05892750
2495.90092762
2498.81992753
2500.28392749
2500.78192748
2497.92892756
2496.62692760
2497.99792756
2500.49092749
2502.72592742
2494.03192767
2500.68292748
2502.12592744
2497.97992756
2497.23892758
2497.81492756
2505.71392733
2499.16192752
2500.89892747
2498.81992753
2501.50192746
2501.68192745
2496.11092761
2495.90992762
2499.55492751
2496.68392760
2500.67692748
2497.49692757

2496.08392761
2495.75092762
2497.27792758
2491.47592775
2502.72592742
2493.00592770
2496.35992761
2502.04492744
2499.98092750
2502.38092743
2495.29492764
2501.24992746
2494.11892767
2500.23592749
2493.08692770
2498.60092754
2498.13292755
2500.91092747
2498.07592756
2499.26692752
2497.30192758
2494.63192766
2499.03892753
2498.92792753
2499.37792752
2494.95892765
2489.80792780
2501.52892746
2498.50192754
2501.51692746
2500.95292747
2496.32092761
2501.43892746
2497.30192758
2496.53092760
2497.39192758
2500.75492748
2498.56192754
2501.24692746
2497.16992758
2497.57192757
2495.35492763
2494.87492765
2499.96892750
2498.44492755
2492.61592771
2498.07292756
2493.98092767
2497.58392757
2499.08692753
2497.74892757
2500.73092748
2500.20592749
2494.15192767
2502.40192743
2498.77492754
2504.95492736
2498.21692755
2495.76292762
2501.90692744
2498.87392753
2499.07792753
2498.36392755
2495.75992762

2500.56592748
2497.50892757
2493.60892769
2498.93992753
2496.91792759
2494.07092767
2499.73192751
2492.90092771
2504.43892737
2499.85192750
2497.52992757
2499.39892752
2501.23192746
2496.94792759
2498.84992753
2497.59892757
2498.27392755
2499.10792753
2497.91092756
2502.84892742
2492.59492771
2492.96092770
2498.53192754
2500.44292749
2492.89492771
2498.81392753
2497.78192756
2492.74492771
2499.59092751
2496.56992760
2504.52892737
2504.26792738
2498.51692754
2495.28892764
2501.06992747
2500.02892750
2489.55592780
2492.31292772
2503.50292740
2495.81692762
2497.44292757
2501.94292744
2499.26092752
2497.25092758
2498.63392754
2500.01392750
2498.62792754
2497.75192757
2491.12792776
2494.68592765
2498.59192754
2501.25592746
2493.58192769
2491.77892774
2499.48292751
2499.14392752
2497.75792757
2495.09692764
2498.67292754
2495.89492762
2498.84992753
2495.73592762
2498.84692753
2503.19992741

2493.06892770
2501.13892747
2499.12592753
2493.96292768
2502.03892744
2500.77592748
2497.04992759
2494.51792766
2499.27592752
2499.39892752
2488.94092782
2495.26192764
2498.60692754
2504.56792737
2498.45392754
2496.36892761
2489.80792780
2500.07992750
2495.31292764
2500.84192748
2500.41592749
2497.82092756
2495.55292763
2498.15992755
2498.83792753
2497.31092758
2496.05392761
2497.63792757
2499.65092751
2495.19592764
2502.11092744
2498.41792755
2499.07192753
2496.42892760
2497.56292757
2498.90692753
2495.73592762
2497.65892757
2504.16292738
2490.58492777
2492.11792773
2493.53992769
2501.31292746
2503.23292741
2498.62792754
2495.70292762
2497.55692757
2500.85992748
2502.95392741
2501.73292745
2497.88692756
2495.34892763
2496.29992761
2502.80692742
2497.02892759
2496.80392759
2496.19492761
2494.74592765
2500.60192748
2499.41092752
2494.73992765
2500.23292749
2500.54192748
2493.86092768

2497.09792758
2500.85092748
2495.52592763
2503.04692741
2499.34492752
2497.93792756
2497.81492756
2509.06192724
2495.60392763
2492.38792772
2499.02692753
2501.83192745
2493.82792768
2497.72492757
2496.30292761
2500.34992749
2499.41392752
2498.08192756
2500.64692748
2493.66592768
2496.31192761
2500.32892749
2496.52792760
2497.44292757
2495.56192763
2496.44992760
2500.38292749
2498.64892754
2501.06692747
2497.79092756
2495.89792762
2499.71692751
2505.13492735
2503.97092738
2496.35392761
2497.70092757
2499.37492752
2497.88392756
2501.49592746
2500.29292749
2501.41192746
2500.36192749
2497.57492757
2494.39492766
2499.62392751
2494.37992766
2498.68792754
2494.24792767
2500.54792748
2495.17792764
2497.88692756
2505.31492735
2504.69692736
2492.42992772
2495.17192764
2496.97492759
2493.97792767
2501.51092746
2499.02392753
2499.12292753
2500.31392749
2496.90592759
2500.91392747
2497.97992756

2502.57592743
2498.64592754
2495.38192763
2495.06992764
2499.21592752
2496.34192761
2497.53592757
2502.66292742
2494.73392765
2495.37592763
2497.20292758
2493.27892769
2501.64592745
2498.07592756
2497.34092758
2503.42192740
2496.32092761
2497.01692759
2500.66792748
2500.57192748
2492.72092771
2505.74092733
2501.71192745
2495.23492764
2493.60292769
2498.36992755
2495.09992764
2499.52192751
2499.47692752
2495.77192762
2497.28392758
2499.44092752
2497.00792759
2496.80392759
2498.30992755
2500.69792748
2495.85892762
2496.84292759
2500.55692748
2498.79592753
2499.27292752
2501.98192744
2495.39992763
2499.68992751
2497.94092756
2499.06892753
2496.23992761
2501.76892745
2503.49992740
2498.76892754
2491.67392774
2496.40792760
2505.25792735
2498.01892756
2497.97092756
2503.55092740
2498.44192755
2498.14192755
2499.59992751
2497.32292758
2499.11092753
2494.86592765
2501.92192744
2499.46792752

2501.97892744
2500.89592747
2493.01492770
2497.92592756
2503.42792740
2492.81092771
2501.33992746
2496.48292760
2500.67092748
2500.27792749
2499.19492752
2493.15292770
2499.63892751
2495.96092762
2491.23292775
2498.72092754
2497.33792758
2491.01692776
2497.70692757
2495.89192762
2498.92192753
2496.38392760
2497.43692757
2500.65892748
2494.66792765
2491.61092774
2496.90592759
2495.19292764
2503.46692740
2497.88392756
2497.16392758
2497.11292758
2495.72992762
2500.24492749
2496.41392760
2498.05192756
2499.02692753
2492.03992773
2492.74792771
2493.16792770
2503.97392738
2495.43292763
2494.70092765
2504.51992737
2495.09692764
2500.75492748
2504.86792736
2501.51992746
2496.64492760
2498.09092756
2497.07992758
2504.76292736
2497.16992758
2497.80592756
2495.66992763
2495.55892763
2498.63092754
2497.51192757
2499.47992752
2499.71092751
2499.63292751
2501.19892747
2497.79692756
2497.37692758

2498.54392754
2501.37892746
2501.07892747
2498.28292755
2499.29092752
2501.93992744
2495.78692762
2500.96192747
2501.12692747
2496.39592760
2497.76992756
2498.55892754
2498.92492753
2493.14092770
2495.84392762
2504.74792736
2494.86892765
2491.87492774
2498.16292755
2499.33892752
2494.27792767
2494.51192766
2498.05792756
2499.67192751
2498.96392753
2500.41892749
2498.45092754
2501.28292746
2495.79892762
2495.66392763
2501.53192746
2498.58292754
2497.77592756
2501.92492744
2507.58292728
2501.66992745
2502.15292744
2499.35092752
2498.51692754
2496.63592760
2496.32692761
2495.91292762
2494.64992766
2498.03092756
2499.42592752
2497.91392756
2496.29992761
2504.66992736
2495.09692764
2497.87492756
2494.04992767
2493.69292768
2496.16792761
2497.88092756
2496.46492760
2504.52892737
2495.87092762
2502.84592742
2494.35292766
2497.79392756
2497.81492756
2498.06992756
2498.00392756
2496.34192761

2496.08092761
2497.89592756
2498.15992755
2494.91092765
2496.90292759
2497.24192758
2500.29892749
2499.20692752
2495.78692762
2499.80092751
2496.38992760
2496.37792761
2497.49392757
2494.59892766
2496.02392762
2498.66092754
2499.77392751
2500.01392750
2501.00092747
2494.87192765
2495.82892762
2501.20492747
2497.19692758
2498.72092754
2493.52792769
2500.13092750
2502.88492742
2497.62592757
2498.20792755
2495.82592762
2497.47292757
2498.42092755
2495.01892764
2493.17992770
2501.12092747
2495.99092762
2497.86292756
2494.58992766
2495.54092763
2498.10892755
2502.22492744
2497.00792759
2499.92992750
2499.37192752
2494.04392767
2496.29692761
2498.29492755
2500.74892748
2494.73992765
2505.99592733
2499.24292752
2493.07192770
2493.90292768
2501.40292746
2497.20592758
2497.11292758
2498.62192754
2497.38292758
2494.91092765
2495.67292763
2504.37892737
2498.81692753
2499.12892753
2498.05192756

2497.67092757
2502.70192742
2497.81792756
2505.97492733
2498.72092754
2501.00692747
2501.74492745
2496.28492761
2497.30192758
2500.98892747
2502.05392744
2495.27392764
2491.94392773
2495.62792763
2497.49992757
2502.59992742
2498.66992754
2497.62892757
2500.89592747
2499.95992750
2500.64392748
2499.20992752
2494.98292765
2499.23692752
2503.44292740
2499.58492751
2497.31092758
2499.15292752
2502.86092742
2494.50592766
2500.54792748
2497.28392758
2494.55992766
2502.00892744
2496.41692760
2494.74292765
2495.63992763
2503.25092741
2501.81692745
2498.35792755
2495.70292762
2500.43392749
2497.10992758
2499.75892751
2499.00892753
2499.29092752
2498.68492754
2501.63092745
2495.79592762
2498.82592753
2498.12092755
2497.59892757
2496.20092761
2494.93792765
2499.60592751
2495.58592763
2494.61992766
2501.18692747
2496.61492760
2494.93492765
2499.81592751
2494.48192766
2493.96892767
2498.84392753

2499.20092752
2497.70392757
2503.67092739
2501.47792746
2500.34392749
2498.28292755
2501.29492746
2494.61092766
2496.07192761
2504.17792738
2497.59292757
2500.32892749
2499.97192750
2499.71092751
2494.38592766
2496.65992760
2503.82092739
2497.76092756
2504.11192738
2493.34192769
2498.41792755
2498.48392754
2502.28492743
2496.36292761
2497.78792756
2502.41692743
2499.64792751
2502.90292742
2500.60792748
2497.14592758
2501.40292746
2501.49892746
2497.01992759
2498.51092754
2495.99692762
2498.51092754
2498.06392756
2500.00792750
2494.14292767
2493.13792770
2501.80192745
2499.94792750
2501.81392745
2496.31792761
2502.60592742
2501.44792746
2499.49492751
2493.69292768
2496.79492759
2500.20892749
2499.82792750
2496.68092760
2502.61792742
2498.26192755
2495.67292763
2502.98692741
2497.73092757
2492.81092771
2495.75692762
2495.35192763
2500.95592747
2505.52792734
2495.09692764
2498.20792755

2498.20792755
2501.69692745
2496.78292759
2497.09792758
2498.86792753
2496.98392759
2499.48892751
2500.10092750
2494.46392766
2501.05192747
2496.32992761
2493.03892770
2500.23892749
2494.50592766
2500.05292750
2502.56392743
2497.68592757
2494.71292765
2496.77992759
2499.60592751
2499.31192752
2495.82292762
2502.12592744
2501.87392745
2492.30392772
2499.85792750
2491.39192775
2498.97592753
2500.28092749
2490.40192778
2494.00492767
2498.44492755
2502.73792742
2495.86192762
2497.94692756
2501.98792744
2496.23092761
2499.58192751
2501.66992745
2498.54092754
2502.35992743
2500.82992748
2497.79092756
2502.30292743
2499.02692753
2497.83292756
2494.39792766
2497.58092757
2502.38392743
2500.96492747
2502.93892741
2500.13092750
2499.86692750
2496.50392760
2495.95192762
2503.43992740
2500.58692748
2493.65692768
2496.67792760
2497.25392758
2502.49492743
2501.90692744
2495.27992764
2495.44192763

2501.87692745
2492.62792771
2502.12892744
2504.03992738
2500.75792748
2500.41292749
2503.65292739
2496.26692761
2500.85692748
2495.44192763
2499.87592750
2494.57492766
2498.84092753
2505.60892734
2498.70892754
2498.30692755
2497.82392756
2502.38692743
2499.70792751
2501.90392744
2498.83192753
2504.38492737
2497.83892756
2497.88092756
2494.43692766
2500.58692748
2502.44092743
2498.54992754
2496.24592761
2500.01092750
2497.16392758
2497.23892758
2498.83192753
2500.73092748
2499.68092751
2497.62592757
2502.86992742
2499.81592751
2496.63892760
2496.51592760
2502.04192744
2502.29392743
2497.55692757
2502.90292742
2498.11492755
2498.96692753
2498.75692754
2497.90792756
2503.70692739
2499.87592750
2497.32592758
2495.06092764
2494.80892765
2496.39292760
2502.96292741
2494.69792765
2500.35592749
2498.18992755
2497.41592757
2494.25692767
2497.37092758
2506.47592731
2501.33092746
2500.81792748

2501.54392746
2494.97092765
2500.39192749
2497.52992757
2503.64392739
2499.42892752
2497.03792759
2498.80792753
2501.41192746
2497.87192756
2500.28992749
2500.43392749
2500.05892750
2494.96192765
2499.99592750
2499.23992752
2504.82292736
2495.04292764
2500.83592748
2497.67092757
2496.92092759
2498.53792754
2499.08392753
2491.28992775
2495.19592764
2501.63692745
2497.04392759
2495.27992764
2497.19692758
2499.07792753
2499.09892753
2499.20392752
2494.54192766
2495.08192764
2502.11092744
2499.82492751
2499.47092752
2495.70592762
2500.99492747
2499.46492752
2499.81592751
2496.98392759
2497.05592759
2496.41092760
2499.31492752
2502.56992743
2496.59992760
2502.07792744
2489.69692780
2498.19892755
2497.14592758
2500.39192749
2500.18192749
2501.27992746
2494.96192765
2500.38592749
2491.94992773
2498.58892754
2502.67792742
2501.07892747
2491.07992776
2492.71192771
2498.22892755
2494.67992765

2495.69392762
2499.67192751
2499.58792751
2498.64292754
2499.95392750
2500.69492748
2497.46092757
2495.60092763
2495.89492762
2501.54092746
2486.42092789
2497.11292758
2494.84792765
2492.28292772
2497.89592756
2500.22092749
2497.49092757
2495.81692762
2497.15492758
2503.06492741
2496.46192760
2501.00092747
2502.52492743
2498.99392753
2500.28092749
2497.53892757
2496.82192759
2493.98092767
2504.75992736
2495.32792764
2493.56692769
2501.52592746
2492.95492770
2496.24892761
2501.61292745
2504.32192737
2498.97592753
2496.96892759
2491.94092773
2497.65892757
2497.46392757
2497.66192757
2497.70692757
2500.87492747
2498.79892753
2498.75092754
2493.50092769
2500.69192748
2497.49692757
2498.49592754
2504.20192738
2499.12292753
2499.62692751
2497.86592756
2502.59692742
2502.10192744
2498.45392754
2497.25692758
2500.56592748
2503.79992739
2500.85092748
2498.39692755
2499.47392752
2494.07692767

2496.72292760
2494.00792767
2497.83592756
2499.31492752
2500.14892750
2497.92592756
2494.41892766
2496.35992761
2498.16592755
2497.39192758
2504.31892737
2500.58392748
2498.74792754
2496.57292760
2497.79392756
2500.51492749
2500.06192750
2497.41592757
2497.40692758
2498.07892756
2495.20192764
2493.68692768
2498.34592755
2497.71892757
2493.27892769
2498.56492754
2498.76892754
2496.15592761
2497.58692757
2500.76092748
2500.78492748
2495.53492763
2500.93192747
2497.26292758
2492.78392771
2496.70492760
2502.84892742
2500.93492747
2493.14992770
2499.14392752
2505.00292735
2494.70392765
2490.58792777
2496.99292759
2497.76392756
2501.96392744
2495.51092763
2494.03792767
2497.64692757
2496.52792760
2498.04292756
2496.82192759
2492.09692773
2497.34092758
2496.96892759
2492.88292771
2500.08292750
2497.95292756
2498.95792753
2495.27092764
2500.37992749
2500.01392750
2496.40792760
2498.63092754

2491.72792774
2495.96092762
2495.85892762
2499.47392752
2497.97692756
2500.54492748
2499.41392752
2501.27992746
2505.31192735
2493.76492768
2498.53192754
2495.55892763
2497.43992757
2493.60592769
2496.46792760
2497.22092758
2499.03292753
2495.66692763
2496.02692762
2496.63892760
2501.43592746
2496.47392760
2498.03392756
2503.21192741
2498.54092754
2495.36992763
2502.30592743
2498.28892755
2498.57392754
2493.11092770
2494.16092767
2495.12392764
2497.77892756
2499.22492752
2500.14292750
2500.39192749
2501.56792745
2498.22592755
2495.85892762
2502.93892741
2496.89992759
2496.72292760
2502.48592743
2497.54192757
2496.02092762
2501.65192745
2501.35792746
2497.23292758
2495.93092762
2495.25292764
2504.41792737
2501.45992746
2499.01492753
2494.15492767
2495.87092762
2499.02092753
2500.33792749
2503.24492741
2498.32492755
2494.81192765
2496.81592759
2496.35992761
2507.79592727
2497.22092758

2498.16292755
2494.81792765
2501.91892744
2496.15592761
2502.94492741
2497.56892757
2504.05792738
2495.36092763
2497.02292759
2495.67892763
2490.82192777
2500.28692749
2497.97392756
2493.87892768
2496.92992759
2498.01592756
2503.98892738
2499.58792751
2496.87292759
2491.81792774
2501.51992746
2494.70992765
2500.20592749
2498.29192755
2495.49892763
2497.97992756
2497.50892757
2505.05092735
2502.34792743
2499.61192751
2496.12592761
2502.12292744
2497.49092757
2493.36292769
2501.33992746
2500.40992749
2502.18292744
2502.55192743
2501.36992746
2505.63292734
2502.20092744
2496.66292760
2499.39592752
2500.75492748
2503.22992741
2503.03492741
2496.38092760
2499.55192751
2497.96192756
2503.80592739
2500.87192747
2496.73192759
2499.01192753
2500.49992749
2501.02192747
2493.41692769
2500.45492749
2498.79592753
2504.60692737
2493.45592769
2498.68792754
2498.17792755
2498.07292756
2497.85992756

2502.66292742
2494.30792767
2500.08892750
2493.39292769
2497.52992757
2500.42192749
2501.06692747
2499.13492753
2493.70492768
2492.80492771
2503.07392741
2498.78992754
2497.14892758
2500.32292749
2494.44892766
2501.45392746
2498.41192755
2504.50792737
2499.36292752
2498.04892756
2499.01492753
2497.50592757
2502.80092742
2499.91192750
2496.42892760
2498.09692756
2503.36192740
2500.29592749
2498.41492755
2499.74992751
2497.02292759
2501.15692747
2496.60892760
2501.70292745
2501.12092747
2497.00192759
2490.42892778
2498.16292755
2500.47892749
2497.78792756
2498.02492756
2496.41392760
2494.25992767
2500.82992748
2499.52792751
2499.69592751
2501.01292747
2502.49192743
2496.90292759
2501.93092744
2499.83392750
2498.96092753
2498.99692753
2500.88692747
2494.50592766
2497.37692758
2500.04392750
2498.10592755
2496.59992760
2498.49892754
2497.56892757
2503.90792739
2493.63592768
2494.88992765

2498.56492754
2495.06392764
2500.89892747
2500.28692749
2497.72792757
2493.26092770
2495.78392762
2495.33692764
2503.48792740
2494.91992765
2505.08692735
2498.97892753
2501.15692747
2501.50492746
2501.17492747
2497.47292757
2497.78792756
2499.84892750
2498.91892753
2496.01792762
2502.98992741
2503.04992741
2500.52092748
2500.52692748
2496.83992759
2499.29392752
2505.19492735
2496.25792761
2502.65392742
2497.01092759
2497.72792757
2496.90292759
2501.22592746
2495.87092762
2497.79992756
2497.48492757
2496.98392759
2499.15292752
2502.65092742
2495.80492762
2503.21492741
2500.85692748
2495.58892763
2493.03892770
2500.84492748
2493.97792767
2496.36292761
2499.31792752
2499.77692751
2494.16392767
2501.17492747
2498.44192755
2502.03892744
2494.39192766
2501.91592744
2496.98992759
2497.86892756
2500.99192747
2493.71992768
2498.24692755
2498.66692754
2499.77092751
2500.56292748
2496.68092760

2496.05092761
2499.88492750
2497.66492757
2497.28392758
2499.39592752
2496.62092760
2502.65092742
2501.57692745
2494.62592766
2495.98192762
2495.64592763
2494.30492767
2501.39992746
2498.30692755
2501.94892744
2502.54292743
2500.48492749